device_time_stamp,system_time_stamp,left_gaze_point_on_display_area_x,left_gaze_point_on_display_area_y,left_gaze_point_in_user_coordinate_system_x,left_gaze_point_in_user_coordinate_system_y,left_gaze_point_in_user_coordinate_system_z,left_gaze_point_validity,left_pupil_diameter,left_pupil_validity,left_gaze_origin_in_user_coordinate_system_x,left_gaze_origin_in_user_coordinate_system_y,left_gaze_origin_in_user_coordinate_system_z,left_gaze_origin_in_trackbox_coordinate_system_x,left_gaze_origin_in_trackbox_coordinate_system_y,left_gaze_origin_in_trackbox_coordinate_system_z,left_gaze_origin_validity,right_gaze_point_on_display_area_x,right_gaze_point_on_display_area_y,right_gaze_point_in_user_coordinate_system_x,right_gaze_point_in_user_coordinate_system_y,right_gaze_point_in_user_coordinate_system_z,right_gaze_point_validity,right_pupil_diameter,right_pupil_validity,right_gaze_origin_in_user_coordinate_system_x,right_gaze_origin_in_user_coordinate_system_y,right_gaze_origin_in_user_coordinate_system_z,right_gaze_origin_in_trackbox_coordinate_system_x,right_gaze_origin_in_trackbox_coordinate_system_y,right_gaze_origin_in_trackbox_coordinate_system_z,right_gaze_origin_validity
4252672692,645472584256,0.1269216537475586,0.4059316217899322,-205.9392547607422,192.998291015625,63.40858459472656,1,4.949386596679688,1,-32.77777862548828,11.589561462402344,438.7802734375,0.5992524027824402,0.4646041989326477,0.0803109109401702,1,0.1358751505613327,0.3307266235351562,-200.99691772460932,214.94119262695312,71.39517211914062,1,4.943634033203125,1,33.28728103637695,11.071435928344728,438.693115234375,0.3987347781658172,0.4661699533462524,0.080187015235424,1
4252706124,645472617688,0.1407938301563263,0.379925787448883,-198.2818145751953,200.58615112304688,66.17035675048828,1,4.935714721679688,1,-34.97621536254883,11.967387199401855,440.4042053222656,0.6055329442024231,0.4635914266109466,0.0839058831334114,1,0.1515094190835952,0.3505650460720062,-192.3668212890625,209.15286254882807,69.28838348388672,1,4.8683624267578125,1,31.203895568847656,12.25432586669922,440.6188049316406,0.4054727554321289,0.4627419114112854,0.0837846100330352,1
4252756048,645472667612,0.1207542270421981,0.4159452021121979,-209.3436584472656,190.07655334472656,62.345191955566406,1,4.93792724609375,1,-37.364288330078125,12.218774795532228,440.199951171875,0.6128060817718506,0.4628142118453979,0.0839035660028457,1,0.1453904062509536,0.3518509268760681,-195.74449157714844,208.77764892578125,69.15182495117188,1,4.956558227539063,1,28.94930076599121,13.023405075073242,440.7547302246094,0.4123135507106781,0.4604297578334808,0.0837927237153053,1
4252805973,645472717537,0.1278726011514663,0.3899158537387848,-205.4143218994141,197.6712646484375,65.10942077636719,1,4.93157958984375,1,-39.374732971191406,10.61899757385254,440.7695007324219,0.6187339425086975,0.4676951169967651,0.0853042006492614,1,0.1449295580387115,0.3408695459365845,-195.9989013671875,211.98175048828125,70.31803131103516,1,4.992889404296875,1,26.91550636291504,12.056612968444824,441.6173706054688,0.4186170101165771,0.4634218513965606,0.0852021500468254,1
4252855893,645472767457,0.1306191086769104,0.4011846482753753,-203.89825439453125,194.38331604003903,63.91270065307617,1,4.9337005615234375,1,-40.50984191894531,11.75765895843506,440.646240234375,0.6221975088119507,0.4642451107501983,0.0853212252259254,1,0.1369276344776153,0.3665768802165985,-200.4159698486328,204.4810485839844,67.58796691894531,1,5.012359619140625,1,25.595956802368164,13.570840835571287,441.6531982421875,0.4226021766662597,0.4588592052459717,0.0852047726511955,1
4252905821,645472817386,0.1420978456735611,0.4248481094837188,-197.5619964599609,187.4789428710937,61.399749755859375,1,4.891845703125,1,-41.1926383972168,10.247139930725098,440.8028564453125,0.6242166757583618,0.4688208997249603,0.0856838971376419,1,0.1395492851734161,0.3535200655460357,-198.96881103515625,208.2906646728516,68.97454833984375,1,4.9595489501953125,1,24.80069923400879,12.031256675720217,441.921142578125,0.4250452816486358,0.4635232090950012,0.085559993982315,1
4252955737,645472867302,0.0741565451025962,0.4160574674606323,-235.0655517578125,190.04380798339844,62.33327102661133,1,5.0267486572265625,1,-41.83481216430664,10.356279373168944,440.7309265136719,0.6261772513389587,0.4684861302375793,0.0856662020087242,1,0.0840812399983406,0.3720427751541137,-229.5871734619141,202.8862152099609,67.00749969482422,1,4.9850006103515625,1,24.03255081176757,12.37993621826172,441.953857421875,0.4273653030395508,0.4624752998352051,0.0855598151683807,1
4252972101,645472883667,0.0771780833601951,0.4217748939990997,-233.397705078125,188.3756561279297,61.72610092163086,1,5.024871826171875,1,-41.91519546508789,10.63001537322998,440.7144470214844,0.6264248490333557,0.4676578640937805,0.0856615602970123,1,0.0825066417455673,0.368502527475357,-230.4563140869141,203.91912841796875,67.38346099853516,1,5.071624755859375,1,23.9768009185791,12.500823974609377,441.9559631347656,0.4275336265563965,0.4621112942695617,0.0855647549033165,1
4253005661,645472917226,0.0942651182413101,0.4265521168708801,-223.9656524658203,186.98171997070312,61.2187728881836,1,5.0242462158203125,1,-42.53899383544922,10.861852645874023,440.6484375,0.6283289790153503,0.4669524133205414,0.0856603980064392,1,0.0883256271481514,0.3724333941936493,-227.2442321777344,202.772201538086,66.96600341796875,1,5.0513458251953125,1,23.33029556274414,12.79204559326172,441.9847717285156,0.4294861555099487,0.461236298084259,0.0855698212981224,1
4253055587,645472967153,0.0827849209308624,0.4248664677143097,-230.3027191162109,187.4735870361328,61.39776992797852,1,5.0629425048828125,1,-43.519439697265625,10.015048027038574,440.5685424804688,0.6313157081604004,0.4695059657096863,0.0856520384550094,1,0.0856363028287887,0.3502329587936401,-228.728759765625,209.2497100830078,69.32365417480469,1,5.1067962646484375,1,22.44068717956543,12.162246704101562,442.0453186035156,0.4321756660938263,0.4631387889385223,0.0855632349848747,1
4253071937,645472983503,0.0839527249336242,0.4256536364555359,-229.6581115722656,187.24392700195312,61.31417465209961,1,5.052642822265625,1,-43.69948959350586,10.210087776184082,440.5482177734375,0.6318660378456116,0.4689150154590606,0.0856559425592422,1,0.088922418653965,0.3513927161693573,-226.9148406982422,208.911361694336,69.20050048828125,1,5.096954345703125,1,22.210617065429688,12.378188133239746,442.0531921386719,0.43286994099617,0.462488979101181,0.0855677500367164,1
4253105507,645473017073,0.0864906311035156,0.4131495952606201,-228.25718688964844,190.8922576904297,62.64207458496094,1,4.9409027099609375,1,-44.70183563232422,11.757736206054688,440.4089660644531,0.6349384784698486,0.4642257690429687,0.0856558233499527,1,0.0865022093057632,0.3584448099136352,-228.2507781982422,206.85372924804688,68.45159149169922,1,5.0851898193359375,1,21.40506362915039,13.997573852539062,442.0437927246094,0.4352952241897583,0.4576098918914795,0.0855661034584045,1
4253121903,645473033469,0.0819212570786476,0.4266884624958038,-230.77947998046875,186.94195556640625,61.204288482666016,1,5.04296875,1,-44.7871322631836,11.862916946411133,440.3922424316406,0.6352015137672424,0.4639063775539398,0.0856454446911811,1,0.0882978960871696,0.3595626056194305,-227.25958251953125,206.527587890625,68.33289337158203,1,5.048614501953125,1,21.21297645568848,14.373186111450195,442.0401306152344,0.4358733296394348,0.4564779996871948,0.0855643898248672,1
4253155436,645473067002,0.092249110341072,0.4388865530490875,-225.07850646972656,183.3829040527344,59.90888214111328,1,4.975372314453125,1,-45.61666488647461,12.140746116638184,440.3038024902344,0.637737512588501,0.4630589187145233,0.0856538712978363,1,0.0769944041967392,0.3564029633998871,-233.4990997314453,207.44949340820312,68.66839599609375,1,5.024505615234375,1,20.53301429748535,15.018312454223633,442.0480041503906,0.4379227757453918,0.4545353651046753,0.0855587795376777,1
4253171772,645473083339,0.0938580930233001,0.4354273378849029,-224.1903381347656,184.39219665527344,60.27622985839844,1,4.9601898193359375,1,-45.71977615356445,11.965198516845703,440.2980651855469,0.6380511522293091,0.4635893702507019,0.0856542363762855,1,0.081837423145771,0.3579756915569305,-230.8257598876953,206.9906311035156,68.50139617919922,1,5.054168701171875,1,20.38291931152344,14.933758735656738,442.0622253417969,0.4383769035339355,0.4547915458679199,0.0855676233768463,1
4253205360,645473116927,0.1229879409074783,0.4350677132606506,-208.1106719970703,184.49713134765625,60.31443786621094,1,4.933029174804688,1,-46.35376739501953,11.361939430236816,442.3580322265625,0.6393157839775085,0.4655738770961761,0.0898502841591835,1,0.0976004749536514,0.3684886693954468,-222.12454223632807,203.9232177734375,67.38492584228516,1,4.996627807617188,1,20.165918350219727,14.47998332977295,444.1766662597656,0.439319759607315,0.456366091966629,0.089739866554737,1
4253255280,645473166847,0.1332555562257766,0.4346728920936584,-202.4429473876953,184.61233520507807,60.35634613037109,1,4.8021087646484375,1,-46.477142333984375,12.63279151916504,442.3049011230469,0.6397039890289307,0.4617436528205871,0.0898389890789985,1,0.1003661602735519,0.3474499881267547,-220.597885131836,210.061752319336,69.61917877197266,1,4.9688873291015625,1,20.09319877624512,15.521228790283203,444.1441040039063,0.43953338265419,0.4532410502433777,0.0897384658455848,1
4253321476,645473233043,0.0852549970149993,0.4311330020427704,-228.93923950195312,185.6451873779297,60.73225784301758,1,5.06268310546875,1,-45.80360794067383,11.82957363128662,442.3904724121094,0.6376495361328125,0.4641687572002411,0.0898252576589584,1,0.0980283766984939,0.3575787544250488,-221.8883209228516,207.1064300537109,68.54351806640625,1,4.886016845703125,1,20.443134307861328,15.056690216064451,444.1463623046875,0.4384844899177551,0.4546340703964233,0.0897429212927818,1
4253355120,645473266688,0.1091957986354827,0.4407927989959717,-215.72390747070312,182.82667541503903,59.70642852783203,1,4.843307495117188,1,-45.622215270996094,12.135939598083496,442.411865234375,0.6370968222618103,0.4632483422756195,0.0898470431566238,1,0.0941234454512596,0.3304602205753326,-224.0438537597656,215.0189208984375,71.42347717285156,1,4.811737060546875,1,20.91275405883789,14.989526748657228,444.123779296875,0.437073290348053,0.4548331499099731,0.0897369980812072,1
4253371442,645473283010,0.1027664616703987,0.4299390614032745,-219.2729034423828,185.99351501464844,60.859073638916016,1,4.838470458984375,1,-45.54320526123047,12.327713012695312,442.4078674316406,0.6368602514266968,0.4626708030700683,0.0898334383964538,1,0.0997227951884269,0.3290368914604187,-220.9530029296875,215.4341735839844,71.57460021972656,1,4.869781494140625,1,20.944175720214844,15.098824501037598,444.1198425292969,0.4369785189628601,0.4545050263404846,0.089739441871643,1
4253421408,645473332976,0.1154470816254615,0.4406700730323791,-212.2732086181641,182.86248779296875,59.71945190429688,1,4.87579345703125,1,-45.19843292236328,12.36692237854004,442.4561767578125,0.6358076930046082,0.4625568389892578,0.0898613259196281,1,0.099069707095623,0.3449271619319916,-221.3135223388672,210.7978363037109,69.88710021972656,1,4.799652099609375,1,21.232446670532227,15.513649940490724,444.09716796875,0.4361109435558319,0.4532588422298431,0.0897500589489936,1
4253454960,645473366528,0.0995573252439498,0.4132247269153595,-221.0443572998047,190.870361328125,62.63408279418945,1,4.750411987304688,1,-45.09982681274414,11.709428787231444,442.4954833984375,0.6354988813400269,0.4645387828350067,0.0898839756846427,1,0.1113003641366958,0.3440876007080078,-214.5622100830078,211.04281616210932,69.97627258300781,1,4.8078460693359375,1,21.33702087402344,14.626835823059082,444.1445007324219,0.4358041882514953,0.4559226334095001,0.0897944346070289,1
4253471278,645473382847,0.1040752455592155,0.4075513184070587,-218.55044555664065,192.5257110595703,63.2365837097168,1,4.740081787109375,1,-45.07640075683594,11.665238380432127,442.4989929199219,0.6354272961616516,0.4646720290184021,0.0898838490247726,1,0.1216431483626365,0.3538844883441925,-208.8530120849609,208.18435668945312,68.93588256835938,1,4.808761596679688,1,21.35699844360352,14.54345417022705,444.1472473144531,0.4357447028160095,0.456172913312912,0.0897964462637901,1
4253504876,645473416444,0.1163810864090919,0.4345590770244598,-211.75762939453125,184.64552307128903,60.368438720703125,1,4.690689086914063,1,-44.926883697509766,12.092570304870604,442.966796875,0.6348345875740051,0.4634244740009308,0.0908068865537643,1,0.1181463226675987,0.3846091032028198,-210.78323364257807,199.2196502685547,65.6729736328125,1,4.6978607177734375,1,21.5500431060791,15.08702278137207,444.7113952636719,0.4352478682994842,0.4546005725860595,0.0909775421023368,1
4253521244,645473432812,0.1044347211718559,0.4108304977416992,-218.3520355224609,191.5689239501953,62.88833236694336,1,4.689788818359375,1,-44.88143539428711,12.118614196777344,443.4222106933594,0.6345593333244324,0.4633835852146148,0.0917050167918205,1,0.116542600095272,0.3682194352149963,-211.66848754882807,204.0017547607422,67.41351318359375,1,4.7509613037109375,1,21.633617401123047,15.068889617919922,445.04046630859375,0.4350455105304718,0.4546882510185241,0.0916414186358451,1
4253554796,645473466365,0.0921844989061355,0.4043317139148712,-225.1141662597656,193.4651031494141,63.57850646972656,1,4.611114501953125,1,-44.559669494628906,11.49391746520996,443.771240234375,0.6334878206253052,0.4652867317199707,0.0923016965389251,1,0.0828917697072029,0.3324878215789795,-230.24375915527344,214.42730712890625,71.20813751220703,1,4.69970703125,1,21.92906951904297,14.425765991210938,445.326171875,0.434203565120697,0.4566402733325958,0.0921981781721115,1
4253571114,645473482683,0.085153542459011,0.4134716987609863,-228.99522399902344,190.7982635498047,62.60785675048828,1,4.6246490478515625,1,-44.42573165893555,11.335615158081056,443.7871398925781,0.6330811381340027,0.4657629728317261,0.0922985225915908,1,0.0834886059165,0.3364801108837127,-229.914306640625,213.2624664306641,70.7841796875,1,4.719497680664063,1,22.02674674987793,14.199337005615234,445.3325500488281,0.4339124262332916,0.4573179483413696,0.0922059938311576,1
4253604716,645473516285,0.0766423344612121,0.4071154296398163,-233.6934356689453,192.65286254882807,63.28287506103516,1,4.62115478515625,1,-43.8282585144043,11.397720336914062,443.8478393554688,0.6312704086303711,0.4655813574790954,0.0923042595386505,1,0.0938821882009506,0.3271335065364837,-224.17703247070312,215.9895782470703,71.7767105102539,1,4.68170166015625,1,22.53256797790528,14.049013137817385,445.3123474121094,0.4323968589305877,0.457765519618988,0.0922066643834114,1
4253654631,645473566200,0.0841708406805992,0.4029386043548584,-229.5376892089844,193.87155151367188,63.726470947265625,1,4.5462493896484375,1,-43.20703506469727,11.766286849975586,443.8975830078125,0.6293920278549194,0.4644795060157776,0.0923012048006057,1,0.090575948357582,0.3290578424930572,-226.0020751953125,215.4280548095703,71.57237243652344,1,4.6038360595703125,1,23.192026138305664,14.279789924621582,445.2716674804688,0.4304185509681701,0.4570715427398681,0.0922077000141143,1
4253670949,645473582519,0.0764100253582,0.413424551486969,-233.82167053222656,190.81201171875,62.61288070678711,1,4.514801025390625,1,-43.12138366699219,11.624058723449709,443.90716552734375,0.6291322708129883,0.4649069011211395,0.09229626506567,1,0.089909590780735,0.3346214890480041,-226.36993408203125,213.8047637939453,70.9815444946289,1,4.650115966796875,1,23.26175117492676,14.172042846679688,445.2698059082031,0.4302097260951996,0.4573935866355896,0.0922043472528457,1
4253704551,645473616121,0.0817355066537857,0.4216106832027435,-230.88201904296875,188.42355346679688,61.74352645874024,1,4.5849151611328125,1,-42.70455932617188,11.221786499023438,443.9599609375,0.6278666853904724,0.466117650270462,0.0923004746437072,1,0.1028678491711616,0.3401967883110046,-219.21697998046875,212.17807006835932,70.38946533203125,1,4.58831787109375,1,23.59357070922852,13.684820175170898,445.2688293457031,0.4292172193527221,0.4588505923748016,0.0922068506479263,1
4253720915,645473632485,0.0888117998838424,0.432024210691452,-226.9758758544922,185.38511657714844,60.637638092041016,1,4.5866241455078125,1,-42.663909912109375,11.312091827392578,443.9690856933594,0.6277421116828918,0.4658474922180176,0.0923154279589653,1,0.0982485264539718,0.3364031612873077,-221.76681518554688,213.284912109375,70.79232788085938,1,4.645233154296875,1,23.656021118164062,13.714326858520508,445.262451171875,0.4290294349193573,0.4587617516517639,0.0922025144100189,1
4253754467,645473666038,0.0905921384692192,0.4184508621692657,-225.9931182861328,189.3454742431641,62.0790901184082,1,4.568756103515625,1,-42.45504379272461,11.843740463256836,443.9683227539063,0.6271158456802368,0.4642527997493744,0.0923017561435699,1,0.0993200987577438,0.3439822793006897,-221.17532348632807,211.07354736328125,69.98746490478516,1,4.5455169677734375,1,23.89427757263184,14.27379035949707,445.2278442382813,0.4283113479614258,0.4570852816104889,0.0921939089894294,1
4253804391,645473715961,0.087172694504261,0.3958579301834106,-227.8806610107422,195.93751525878903,64.4783706665039,1,4.592193603515625,1,-42.41927719116211,11.486878395080566,445.2226867675781,0.6266501545906067,0.4654202461242676,0.0947727635502815,1,0.0928783193230629,0.341840535402298,-224.73117065429688,211.6984405517578,70.21491241455078,1,4.627288818359375,1,24.10605812072754,13.918596267700195,446.9063415527344,0.4279487133026123,0.4583039879798889,0.0955448001623153,1
4253820751,645473732322,0.0871119946241378,0.3960324227809906,-227.9141845703125,195.88661193847656,64.45985412597656,1,4.625946044921875,1,-42.463958740234375,11.457667350769045,446.0006408691406,0.626562237739563,0.465567409992218,0.0963281840085983,1,0.0919533148407936,0.3352813124656677,-225.2417907714844,213.61227416992188,70.91149139404297,1,4.6781005859375,1,24.149158477783203,13.888154983520508,447.2550354003906,0.4278763830661773,0.4584269523620605,0.096243530511856,1
4253854307,645473765878,0.0825862288475036,0.3999627530574798,-230.41238403320312,194.7398223876953,64.04248046875,1,4.5726165771484375,1,-42.34806442260742,11.853925704956056,446.000732421875,0.6262161731719971,0.4643842875957489,0.0963270291686058,1,0.0924425646662712,0.3328409790992737,-224.97174072265625,214.3243103027344,71.17060089111328,1,4.65350341796875,1,24.21931266784668,14.33917236328125,447.2367248535156,0.427664577960968,0.4570823609828949,0.0962429791688919,1
4253870619,645473782190,0.0795070081949234,0.3940955400466919,-232.1121368408203,196.45176696777344,64.66555786132812,1,4.6029205322265625,1,-42.31942367553711,11.953750610351562,446.0007019042969,0.6261307001113892,0.4640862643718719,0.0963268429040908,1,0.0927743390202522,0.3322027623653412,-224.78857421875,214.51052856445312,71.2383804321289,1,4.69000244140625,1,24.239620208740234,14.396390914916992,447.23345947265625,0.4276035726070404,0.4569116830825805,0.0962423086166381,1
4253954151,645473865723,0.097020648419857,0.4009851515293121,-222.44461059570312,194.4415740966797,63.93391036987305,1,4.55267333984375,1,-42.17806625366211,11.614307403564451,446.02099609375,0.6257028579711914,0.4651013016700744,0.0963227525353431,1,0.1243762001395225,0.3522019684314728,-207.34434509277344,208.67526245117188,69.11457061767578,1,4.663375854492188,1,24.31703186035156,14.15610122680664,447.2357482910156,0.4273734390735626,0.457627385854721,0.0962399318814277,1
4254004071,645473915643,0.093642845749855,0.4061662554740906,-224.3091583251953,192.92984008789065,63.38368606567383,1,4.559783935546875,1,-42.42475128173828,11.95050811767578,448.316162109375,0.6257909536361694,0.464280217885971,0.1009551361203193,1,0.115671120584011,0.3352867066860199,-212.1495361328125,213.6106414794922,70.91087341308594,1,4.67974853515625,1,24.428281784057617,14.527812957763672,449.537841796875,0.4274147152900696,0.4567421376705169,0.1008708477020263,1
4254020421,645473931993,0.1024801433086395,0.4288463294506073,-219.43093872070312,186.31234741210932,60.9751205444336,1,4.55645751953125,1,-42.44041061401367,11.888039588928224,448.3285217285156,0.6258339881896973,0.4644667506217956,0.1009794324636459,1,0.1199853047728538,0.3310936093330383,-209.76809692382807,214.8340759277344,71.35617065429688,1,4.660202026367188,1,24.418363571166992,14.482203483581545,449.539794921875,0.4274443686008453,0.4568774104118347,0.1008707284927368,1
4254053991,645473965563,0.0885240659117698,0.39617720246315,-227.1347045898437,195.8443603515625,64.44450378417969,1,4.5625762939453125,1,-42.46198272705078,11.316131591796877,448.3291015625,0.6258978843688965,0.4661654233932495,0.1009552031755447,1,0.111102782189846,0.3231571316719055,-214.67124938964844,217.14976501464844,72.19901275634766,1,4.651611328125,1,24.4215087890625,13.93068027496338,449.5561218261719,0.4274376928806305,0.4585126638412475,0.1008688360452652,1
4254070291,645473981863,0.0912736654281616,0.399544358253479,-225.616928100586,194.8619079589844,64.08692932128906,1,4.563232421875,1,-42.46549987792969,11.261554718017578,448.33001708984375,0.6259081363677979,0.4663276076316833,0.1009548977017402,1,0.1213662847876548,0.316956877708435,-209.00582885742188,218.95884704589844,72.85746765136719,1,4.6229095458984375,1,24.427209854125977,13.841703414916992,449.5570983886719,0.427420973777771,0.4587763249874115,0.1008659675717353,1
4254103911,645474015484,0.0844887346029281,0.4023551046848297,-229.3622436523437,194.0418243408203,63.78842544555664,1,4.539581298828125,1,-42.44417953491211,11.445453643798828,448.3268432617188,0.6258456707000732,0.4657811820507049,0.1009538546204567,1,0.1147689744830131,0.3559083640575409,-212.64752197265625,207.5937957763672,68.72093200683594,1,4.622360229492188,1,24.465303421020508,14.008742332458496,449.5508117675781,0.42730712890625,0.4582809507846832,0.100867860019207,1
4254120257,645474031830,0.0953115075826644,0.4079849123954773,-223.38804626464844,192.399169921875,63.1905632019043,1,4.5435943603515625,1,-42.4559326171875,11.491427421569824,448.5294799804688,0.6258236169815063,0.465660035610199,0.1013616919517517,1,0.1141260415315628,0.3526673316955566,-213.00245666503903,208.5394744873047,69.06513214111328,1,4.611083984375,1,24.490781784057617,14.087926864624023,449.7541198730469,0.4272644221782684,0.4580652415752411,0.1012813746929168,1
4254153831,645474065404,0.0923594683408737,0.4034497439861297,-225.01754760742188,193.722396850586,63.67215347290039,1,4.5596923828125,1,-42.47970581054688,11.349126815795898,448.84466552734375,0.6258056163787842,0.4661062061786651,0.1019863858819007,1,0.1093956604599952,0.3323443531990051,-215.61358642578125,214.4691925048828,71.223388671875,1,4.651885986328125,1,24.572553634643555,13.883733749389648,450.0673522949219,0.4270729720592499,0.45869842171669,0.1019028946757316,1
4254170126,645474081699,0.0863576978445053,0.4043443202972412,-228.3305511474609,193.4614105224609,63.57716369628906,1,4.5328369140625,1,-42.49165344238281,11.279149055480955,448.8455810546875,0.6258408427238464,0.4663138389587402,0.1019869968295097,1,0.1120410710573196,0.3236272037029266,-214.1533203125,217.0126190185547,72.14910888671875,1,4.6095733642578125,1,24.57448959350586,13.786928176879885,450.071044921875,0.4270678460597992,0.4589851796627044,0.1019045412540435,1
4254203751,645474115324,0.0779646858572959,0.3934806287288666,-232.9635162353516,196.63119506835932,64.73087310791016,1,4.548095703125,1,-42.50059127807617,11.20563507080078,448.843505859375,0.6258679032325745,0.4665318131446838,0.101980835199356,1,0.1172347366809845,0.3568825125694275,-211.2864532470703,207.3095703125,68.61749267578125,1,4.60528564453125,1,24.54676055908203,13.718015670776367,450.0751647949219,0.427150547504425,0.4591894447803497,0.1019055172801017,1
4254220092,645474131665,0.0800914093852043,0.3903712332248688,-231.78956604003903,197.53843688964844,65.06108093261719,1,4.572021484375,1,-42.54637908935547,11.283778190612791,448.836181640625,0.6260057687759399,0.466299444437027,0.1019788235425949,1,0.1140340566635131,0.3498581945896148,-213.0532073974609,209.3590850830078,69.36344146728516,1,4.559982299804688,1,24.509307861328125,13.817633628845217,450.0727233886719,0.4272609353065491,0.4588944613933563,0.1019025892019271,1
4254253671,645474165245,0.0642110183835029,0.3917305469512939,-240.55552673339844,197.1417999267578,64.91669464111328,1,4.5495147705078125,1,-42.76352310180664,11.53207778930664,449.9302673339844,0.6263415217399597,0.4656459391117096,0.1042100191116333,1,0.0975959450006485,0.3573869466781616,-222.1270446777344,207.1623992919922,68.56392669677734,1,4.6189727783203125,1,24.48318099975586,14.085976600646973,451.1845703125,0.4275167882442474,0.4582032263278961,0.1041357442736625,1
4254270058,645474181632,0.0712406188249588,0.3893747925758362,-236.67515563964844,197.82913208007807,65.1668701171875,1,4.577392578125,1,-42.84182357788086,11.467294692993164,450.42822265625,0.6264330744743347,0.4658751785755157,0.1052127107977867,1,0.1093489080667495,0.3651706576347351,-215.6394195556641,204.8913116455078,67.7373275756836,1,4.536788940429688,1,24.446191787719727,14.088951110839844,451.4052734375,0.4276612102985382,0.4582147896289825,0.10457244515419,1
4254303591,645474215165,0.0592479556798934,0.3894324004650116,-243.29513549804688,197.81231689453125,65.16079711914062,1,4.642990112304688,1,-43.028587341308594,11.156049728393556,451.1072692871094,0.6267937421798706,0.4668450057506561,0.1065841093659401,1,0.0978436842560768,0.3311161398887634,-221.99024963378903,214.82749938964844,71.3537826538086,1,4.642990112304688,1,24.393190383911133,13.731874465942385,452.3843688964844,0.4279732704162597,0.4593558311462402,0.1064992696046829,1
4254319928,645474231502,0.0403032936155796,0.3636862635612488,-253.7525634765625,205.3243865966797,67.89495086669922,1,4.618911743164063,1,-43.06709671020508,11.150311470031738,451.0991516113281,0.6269096732139587,0.4668613374233246,0.1065749526023864,1,0.1007426679134368,0.3338136672973633,-220.3900604248047,214.0404815673828,71.06731414794922,1,4.648208618164063,1,24.34664726257324,13.70680046081543,452.3876037597656,0.4281108379364013,0.459429919719696,0.1064991429448127,1
4254353511,645474265085,0.0735040009021759,0.3847869336605072,-235.42581176757807,199.1677703857422,65.65409851074219,1,4.5581817626953125,1,-43.33749008178711,11.379030227661133,451.0667419433594,0.6277170777320862,0.4661837518215179,0.1065733656287193,1,0.0981805101037025,0.3200442492961883,-221.8043670654297,218.0580596923828,72.52960968017578,1,4.5977935791015625,1,24.16743850708008,13.928117752075195,452.3860778808594,0.4286380708217621,0.4587783217430115,0.1064904183149337,1
4254369796,645474281371,0.0707864090800285,0.3824929893016815,-236.9259185791016,199.83706665039065,65.897705078125,1,4.546554565429688,1,-43.38454818725586,11.385526657104492,451.0619812011719,0.6278573870658875,0.466164231300354,0.1065732389688491,1,0.1004848033189773,0.3237524926662445,-220.53240966796875,216.97608947753903,72.13580322265625,1,4.616851806640625,1,24.111146926879883,13.98394775390625,452.3907470703125,0.4288045465946197,0.4586144089698791,0.1064971908926963,1
4254403436,645474315011,0.0683248192071914,0.3944409787654876,-238.28466796875,196.35093688964844,64.62886047363281,1,4.56256103515625,1,-43.592384338378906,11.079035758972168,451.04888916015625,0.6284747123718262,0.4670681059360504,0.1065718978643417,1,0.1070506498217582,0.3412012755870819,-216.9080352783203,211.88494873046875,70.28276824951172,1,4.677459716796875,1,23.90644073486328,13.758468627929688,452.4094848632813,0.4294100105762481,0.4592798054218292,0.106499083340168,1
4254419762,645474331337,0.0691717639565467,0.393609881401062,-237.81719970703125,196.5934600830078,64.71714782714844,1,4.5684967041015625,1,-43.63286209106445,11.001007080078123,451.0467834472656,0.6285947561264038,0.4672983586788177,0.106571651995182,1,0.1026001572608947,0.3376178443431854,-219.3646850585937,212.93048095703125,70.66332244873047,1,4.679779052734375,1,23.863739013671875,13.677632331848145,452.413818359375,0.4295363426208496,0.4595181047916412,0.1064983531832695,1
4254453356,645474364931,0.0677887797355651,0.3865311443805694,-238.58059692382807,198.6588592529297,65.46888732910156,1,4.567672729492188,1,-43.73515701293945,10.901169776916504,451.0387573242188,0.628899097442627,0.4675925076007843,0.1065705567598342,1,0.1005058884620666,0.3225274682044983,-220.520751953125,217.33346557617188,72.2658920288086,1,4.709442138671875,1,23.732378005981445,13.599363327026367,452.423583984375,0.4299244880676269,0.4597493410110473,0.1064993292093277,1
4254469728,645474381303,0.0688133910298347,0.3969913721084595,-238.01499938964844,195.60679626464844,64.3580322265625,1,4.5970458984375,1,-43.74042892456055,10.919036865234377,451.0323486328125,0.6289165019989014,0.4675393104553222,0.1065596938133239,1,0.0985652729868888,0.3284289836883545,-221.59197998046875,215.611557006836,71.63916778564453,1,4.718017578125,1,23.711576461791992,13.653807640075684,452.4230651855469,0.4299856722354889,0.4595890641212463,0.1064993888139724,1
4254503276,645474414852,0.071022592484951,0.4019802808761596,-236.7955322265625,194.15118408203125,63.82825469970703,1,4.5909576416015625,1,-43.79048156738281,10.885515213012695,451.0331115722656,0.6290640830993652,0.4676383435726166,0.1065693348646164,1,0.1018306463956832,0.3262476623058319,-219.7894897460937,216.2480316162109,71.87081146240234,1,4.6972198486328125,1,23.669431686401367,13.62122631072998,452.421142578125,0.4301094114780426,0.459684818983078,0.1064891964197158,1
4254519598,645474431174,0.06988225877285,0.4002878069877624,-237.4250030517578,194.6450042724609,64.00798797607422,1,4.598892211914063,1,-43.77418899536133,10.788023948669434,451.0369567871094,0.6290148496627808,0.467926412820816,0.1065690889954567,1,0.1015383750200271,0.3324241042137146,-219.95083618164065,214.44590759277344,71.21489715576172,1,4.7419281005859375,1,23.66118431091309,13.546107292175291,452.4282531738281,0.4301348030567169,0.4599064886569977,0.106498047709465,1
4254553196,645474464772,0.06955436617136,0.3880816698074341,-237.6060028076172,198.2064514160156,65.3042221069336,1,4.6206817626953125,1,-43.711204528808594,10.41743278503418,451.0513916015625,0.628824770450592,0.4690215587615967,0.1065683588385582,1,0.1111912280321121,0.3377032577991485,-214.6224365234375,212.90557861328125,70.6542739868164,1,4.75872802734375,1,23.69852828979492,13.16627597808838,452.4378967285156,0.4300263524055481,0.4610252976417541,0.1064987778663635,1
4254569564,645474481140,0.0691325291991233,0.382802814245224,-237.8388671875,199.7466735839844,65.86482238769531,1,4.635177612304688,1,-43.672698974609375,10.404976844787598,451.0552978515625,0.6287099719047546,0.4690585434436798,0.1065681129693985,1,0.1112350225448608,0.3306234776973724,-214.5982818603516,214.9713134765625,71.40613555908203,1,4.7788848876953125,1,23.72846794128418,13.12209701538086,452.4374694824219,0.4299381673336029,0.4611553251743316,0.1064985319972038,1
4254603111,645474514687,0.0867388471961021,0.4376302659511566,-228.1201629638672,183.7494201660156,60.04228591918945,1,4.661163330078125,1,-43.4617805480957,10.522692680358888,451.0808715820313,0.6280800104141235,0.4687128365039825,0.1065839231014251,1,0.1105708330869674,0.3400168120861053,-214.96490478515625,212.2305450439453,70.4085464477539,1,4.8052825927734375,1,23.8862533569336,13.184574127197266,452.4255981445313,0.4294719099998474,0.460970401763916,0.1064949929714202,1
4254619434,645474531010,0.0754619985818862,0.4237006604671478,-234.344970703125,187.8137359619141,61.52157211303711,1,4.6574554443359375,1,-43.45460891723633,10.50643253326416,451.4644775390625,0.6279498338699341,0.4687871634960174,0.107345275580883,1,0.1205208674073219,0.3447066843509674,-209.4724884033203,210.8621826171875,69.9104995727539,1,4.7570648193359375,1,23.906288146972656,13.194761276245115,452.5979614257813,0.4294397532939911,0.4609552025794983,0.10684185475111,1
4254653031,645474564608,0.0831299573183059,0.3948610424995422,-230.1122589111328,196.2283935546875,64.58424377441406,1,4.702056884765625,1,-43.39116668701172,10.296671867370604,453.9517211914063,0.6270614862442017,0.4695722758769989,0.1122740507125854,1,0.1180435940623283,0.3447504043579101,-210.8399200439453,210.8494110107422,69.90586853027344,1,4.8702392578125,1,24.38290786743164,12.957124710083008,455.27337646484375,0.4284590184688568,0.4618784189224243,0.1122198477387428,1
4254669400,645474580977,0.0932762846350669,0.4015136659145355,-224.5114898681641,194.287353515625,63.87775039672852,1,4.6915283203125,1,-43.360260009765625,10.269920349121094,454.14599609375,0.6269164085388184,0.4696636199951172,0.1126536279916763,1,0.1239959076046943,0.3496500849723816,-207.5542449951172,209.41981506347656,69.38554382324219,1,4.8626708984375,1,24.471086502075195,12.880807876586914,455.4682922363281,0.4282317161560058,0.4621177613735199,0.1126140728592872,1
4254702951,645474614528,0.0918043628334999,0.4035186171531677,-225.323959350586,193.70230102539065,63.66485977172852,1,4.692535400390625,1,-43.16570281982422,10.287823677062988,454.7145080566406,0.6261876821517944,0.4696488380432129,0.1137492060661315,1,0.1234711855649948,0.3295788168907165,-207.84390258789065,215.27609252929688,71.51705169677734,1,4.9086761474609375,1,24.722732543945312,12.791167259216309,455.997314453125,0.4275798797607422,0.4624232053756714,0.1136922612786293,1
4254719269,645474630846,0.0968151688575744,0.417875736951828,-222.5580291748047,189.5133056640625,62.14017868041992,1,4.7018585205078125,1,-43.12469100952149,10.311996459960938,454.72601318359375,0.6260643601417542,0.4695788323879242,0.1137654408812522,1,0.12429229170084,0.3350980281829834,-207.39068603515625,213.6657257080078,70.93094635009766,1,4.918136596679688,1,24.776844024658203,12.805570602416992,455.99322509765625,0.4274211823940277,0.4623808264732361,0.1136907339096069,1
4254752871,645474664449,0.1018998771905899,0.4126818180084228,-219.7512664794922,191.0287475585937,62.69173812866211,1,4.694869995117188,1,-42.987911224365234,10.297813415527344,454.6629943847656,0.6256812214851379,0.4696162045001983,0.1136135831475257,1,0.1386441588401794,0.3790921866893768,-199.46841430664065,200.829330444336,66.25890350341797,1,4.877609252929688,1,24.92796516418457,12.752325057983398,455.8321533203125,0.4269541501998901,0.4625231623649597,0.1133826896548271,1
4254769235,645474680813,0.1151497811079025,0.4431122243404388,-212.4373016357422,182.14991760253903,59.460105895996094,1,4.6763763427734375,1,-42.934837341308594,10.246278762817385,454.3054809570313,0.6256247162818909,0.4697435200214386,0.1128895878791809,1,0.1406545341014862,0.3586792945861816,-198.3586883544922,206.7852935791016,68.42669677734375,1,4.862548828125,1,24.96259117126465,12.69126796722412,455.52630615234375,0.4268040657043457,0.4626766145229339,0.112772524356842,1
4254802791,645474714369,0.0985560491681099,0.4136579036712646,-221.5970764160156,190.7439727783203,62.58810424804688,1,4.761749267578125,1,-42.57900619506836,10.002832412719728,453.0666198730469,0.624923050403595,0.4703769087791443,0.1103458255529403,1,0.1336131244897842,0.3447911143302917,-202.24557495117188,210.8375396728516,69.90157318115234,1,4.9302520751953125,1,25.02767372131348,12.428585052490234,454.2782897949219,0.4264127910137176,0.4633446931838989,0.1102738678455352,1
4254819105,645474730683,0.0996220409870147,0.4120879173278808,-221.00863647460932,191.20204162597656,62.754825592041016,1,4.725753784179688,1,-42.56354522705078,10.042283058166504,452.927490234375,0.6249160766601562,0.4702518880367279,0.1100676879286766,1,0.1313267797231674,0.3541445732116699,-203.5076141357422,208.10842895507807,68.9082260131836,1,4.9422149658203125,1,25.05675506591797,12.436821937561035,454.1099548339844,0.4263003170490265,0.4633070230484009,0.1099414676427841,1
4254852711,645474764289,0.0930927246809005,0.3945412039756775,-224.6128387451172,196.3217315673828,64.61823272705078,1,4.7409210205078125,1,-42.41025924682617,10.182656288146973,452.5191345214844,0.6245778799057007,0.4698121845722198,0.1092323586344719,1,0.1336897164583206,0.3447964489459991,-202.2032928466797,210.83596801757807,69.9010009765625,1,4.918960571289063,1,25.137678146362305,12.525148391723633,453.6517333984375,0.4259885549545288,0.4630109369754791,0.1090405285358429,1
4254869071,645474780649,0.097253181040287,0.3918633460998535,-222.3162384033203,197.10302734375,64.9026107788086,1,4.743621826171875,1,-42.39131164550781,10.1500883102417,452.4229736328125,0.6245486736297607,0.4699016511440277,0.1090359464287757,1,0.1319290101528167,0.3521873950958252,-203.1752166748047,208.6794891357422,69.11609649658203,1,4.947479248046875,1,25.168344497680664,12.517911911010742,453.6232299804688,0.4258939027786255,0.4630298614501953,0.1089866310358047,1
4254902631,645474814210,0.0992074236273765,0.4226758480072021,-221.23751831054688,188.11276245117188,61.63042449951172,1,4.75341796875,1,-42.31892776489258,9.968929290771484,452.4654541015625,0.6243239045143127,0.470437616109848,0.1090990006923675,1,0.1375837475061416,0.3583565354347229,-200.0537872314453,206.8794860839844,68.46096801757812,1,4.90643310546875,1,25.19741439819336,12.329456329345703,453.64154052734375,0.4258115589618683,0.4635845124721527,0.1090161129832267,1
4254952547,645474864126,0.0820327028632164,0.4053008556365967,-230.71792602539065,193.18231201171875,63.4755859375,1,4.7994232177734375,1,-42.31356430053711,10.085445404052734,453.576904296875,0.6240029335021973,0.4701674282550812,0.1113159209489822,1,0.1360268592834472,0.3542887270450592,-200.91319274902344,208.06637573242188,68.8929443359375,1,4.93865966796875,1,25.275766372680664,12.469589233398438,454.75482177734375,0.425763189792633,0.4632627665996551,0.111254759132862,1
4254968905,645474880484,0.0833542272448539,0.3943560719490051,-229.9884796142578,196.3757476806641,64.63787841796875,1,4.792694091796875,1,-42.32671737670898,10.104278564453123,453.6737060546875,0.6240150332450867,0.4701184928417206,0.1115118414163589,1,0.1323230266571045,0.3609444797039032,-202.9577178955078,206.12440490722656,68.18610382080078,1,4.97576904296875,1,25.293800354003903,12.515998840332031,454.8709716796875,0.4257293045520782,0.4631362855434418,0.1114911511540412,1
4255002471,645474914050,0.0779598727822303,0.3948045074939728,-232.9661407470703,196.2448883056641,64.59027862548828,1,4.8083343505859375,1,-42.3237419128418,9.944987297058104,453.919189453125,0.6239391565322876,0.4706018269062042,0.1119930446147918,1,0.1184953302145004,0.3648319542407989,-210.590576171875,204.99009704589844,67.77326965332031,1,4.971282958984375,1,25.290327072143555,12.44406509399414,455.1300659179688,0.4257816076278686,0.4633675813674927,0.1120040267705917,1
4255018775,645474930355,0.0763364732265472,0.3930569291114807,-233.8622589111328,196.75477600097656,64.77584838867188,1,4.783416748046875,1,-42.30539321899414,9.90306568145752,453.8950805664063,0.6238918900489807,0.4707233011722564,0.1119398772716522,1,0.1146497130393982,0.3537946939468384,-212.7133636474609,208.2104949951172,68.9454116821289,1,4.9705352783203125,1,25.27177047729492,12.379530906677246,455.0914306640625,0.4258296489715576,0.4635533392429352,0.1119212657213211,1
4255052387,645474963967,0.0759148448705673,0.3942599594593048,-234.0950164794922,196.4037628173828,64.64813232421875,1,4.844268798828125,1,-42.17647171020508,9.874388694763184,454.7417602539063,0.6232832670211792,0.4708613157272339,0.1136004030704498,1,0.1094490438699722,0.3467968106269836,-215.5841217041016,210.2523193359375,69.68854522705078,1,4.961441040039063,1,25.46939849853516,12.303126335144045,455.8906555175781,0.4253820180892944,0.4638400077819824,0.1135345473885536,1
4255102311,645475013891,0.0680254250764846,0.3824020326137543,-238.449935913086,199.8636016845703,65.9073715209961,1,4.814727783203125,1,-41.855743408203125,10.022205352783203,454.7624816894531,0.6223385334014893,0.4704298377037048,0.1135891079902648,1,0.1114962249994278,0.3331137895584106,-214.4541015625,214.2446746826172,71.14166259765625,1,4.965728759765625,1,25.755109786987305,12.359016418457031,455.8679504394531,0.4245437085628509,0.463674932718277,0.1135242953896522,1
4255152231,645475063812,0.0866891890764236,0.3914345204830169,-228.1475524902344,197.2281646728516,64.94817352294922,1,4.79925537109375,1,-41.54413986206055,9.807055473327637,454.8822021484375,0.6213940978050232,0.4710673689842224,0.113761231303215,1,0.1085088029503822,0.3471258580684662,-216.1031494140625,210.1562957763672,69.65361022949219,1,4.9820404052734375,1,26.09209632873535,12.097737312316896,455.9455261230469,0.4235723316669464,0.4644441902637481,0.113703429698944,1
4255168577,645475080158,0.092745654284954,0.4132814407348633,-224.8043975830078,190.85379028320312,62.62808990478516,1,4.823150634765625,1,-41.48515319824219,9.806398391723633,454.8194885253906,0.621238112449646,0.4710653722286224,0.113625667989254,1,0.1106150075793266,0.3542079627513885,-214.94053649902344,208.08995056152344,68.90151977539062,1,4.967132568359375,1,26.14176177978516,12.081799507141112,455.8580932617188,0.4234125912189483,0.4644839763641357,0.1135336905717849,1
4255202147,645475113729,0.0793467685580253,0.3967911303043365,-232.2005615234375,195.66522216796875,64.37930297851562,1,4.8178558349609375,1,-41.16289138793945,9.964155197143556,454.0384216308594,0.6205019354820251,0.4705532491207123,0.1120188012719154,1,0.1118304580450058,0.3484860062599182,-214.26959228515625,209.75946044921875,69.5091552734375,1,4.965621948242188,1,26.32443046569824,12.158528327941896,455.0820617675781,0.4227478802204132,0.4641992747783661,0.1120098233222961,1
4255218543,645475130124,0.0888124108314514,0.4023579359054565,-226.9755249023437,194.0409698486328,63.78813552856445,1,4.7976837158203125,1,-41.11621856689453,9.985342025756836,453.8115539550781,0.620425283908844,0.4704764783382416,0.111559510231018,1,0.1155703663825988,0.3629965484142303,-212.2051696777344,205.5256805419922,67.96818542480469,1,4.94622802734375,1,26.353534698486328,12.179723739624023,454.8168640136719,0.4226177632808685,0.4641164541244507,0.1114850491285324,1
4255252067,645475163648,0.0767297595739364,0.3953017592430115,-233.64517211914065,196.0998077392578,64.5374526977539,1,4.801513671875,1,-40.87799835205078,9.78488063812256,453.3297729492188,0.6198537349700928,0.4710341989994049,0.1105485260486602,1,0.1158090308308601,0.3623267710208893,-212.07342529296875,205.7210693359375,68.03931427001953,1,4.9161529541015625,1,26.474830627441406,11.94364070892334,454.3431701660156,0.4221818149089813,0.4647712111473083,0.1105411350727081,1
4255268412,645475179993,0.0769668221473693,0.3976294100284576,-233.5143280029297,195.42068481445312,64.29029083251953,1,4.7947540283203125,1,-40.83790588378906,9.728965759277344,453.2781982421875,0.6197496652603149,0.4711951613426208,0.1104362159967422,1,0.1162492632865905,0.3676479756832123,-211.83041381835932,204.16847229003903,67.4742202758789,1,4.922882080078125,1,26.495750427246094,11.861896514892578,454.2726440429688,0.4221084415912628,0.4650053977966308,0.1103985607624054,1
4255301987,645475213568,0.0911979004740715,0.4218975305557251,-225.65875244140625,188.3398284912109,61.71305465698242,1,4.7795257568359375,1,-40.74529266357422,9.721010208129885,452.6208190917969,0.6196514964103699,0.4711770713329315,0.1091100499033927,1,0.1185964718461036,0.3638254404067993,-210.5347595214844,205.28379821777344,67.88016510009766,1,4.91595458984375,1,26.49706649780273,11.800681114196776,453.60400390625,0.4219900965690613,0.4651338756084442,0.109060913324356,1
4255318378,645475229959,0.088843934237957,0.3983428478240967,-226.95811462402344,195.2124481201172,64.21450805664062,1,4.756988525390625,1,-40.71794128417969,9.76840877532959,452.5287780761719,0.6195953488349915,0.4710317850112915,0.108923889696598,1,0.1202008947730064,0.3649583458900451,-209.6491241455078,204.95323181152344,67.75985717773438,1,4.9010009765625,1,26.51578712463379,11.844736099243164,453.5066833496094,0.4219184219837188,0.4649970531463623,0.108871154487133,1
4255368248,645475279828,0.129092589020729,0.4596697986125946,-204.7408905029297,177.31884765625,57.70175552368164,1,4.8441162109375,1,-40.77341842651367,9.649937629699709,453.0084228515625,0.6196315288543701,0.4714104831218719,0.1098839715123176,1,0.1416642218828201,0.3716567456722259,-197.8013610839844,202.99880981445312,67.04849243164062,1,4.8892822265625,1,26.55852508544922,11.83035373687744,454.0517578125,0.4218865633010864,0.4650810360908508,0.1099633201956749,1
4255401827,645475313407,0.1065034791827201,0.4271527528762817,-217.2100524902344,186.8064727783203,61.15496826171875,1,4.687911987304688,1,-40.78511428833008,9.51683235168457,452.7218933105469,0.6197417974472046,0.4717840552330017,0.1093098148703575,1,0.1427699774503708,0.3748654127120971,-197.19097900390625,202.0626220703125,66.70772552490234,1,4.845870971679688,1,26.46563148498535,11.623632431030272,453.6594848632813,0.4220918715000152,0.4656578004360199,0.1091588735580444,1
4255418214,645475329794,0.0986170694231987,0.4145533144474029,-221.56336975097656,190.482666015625,62.49298095703125,1,4.69769287109375,1,-40.76655578613281,9.515616416931152,452.4969177246094,0.6197468638420105,0.4717736840248108,0.108858399093151,1,0.1409638375043869,0.3762633204460144,-198.18798828125,201.65478515625,66.55928039550781,1,4.843414306640625,1,26.450817108154297,11.636229515075684,453.5600280761719,0.4221183359622955,0.4656133353710174,0.108959287405014,1
4255451747,645475363327,0.0981635674834251,0.4291124045848846,-221.81369018554688,186.2346954345703,60.94686508178711,1,4.719161987304688,1,-40.660064697265625,9.533875465393066,451.5248718261719,0.619691014289856,0.4716595709323883,0.1069042384624481,1,0.1351810544729232,0.3829214870929718,-201.3800811767578,199.7120361328125,65.85221099853516,1,4.86614990234375,1,26.41204833984375,11.654633522033691,452.5023498535156,0.4220508933067322,0.4654793441295624,0.1068446040153503,1
4255468082,645475379662,0.0952018201351165,0.4271682202816009,-223.44859313964844,186.801986694336,61.1533203125,1,4.6612396240234375,1,-40.62133026123047,9.441764831542969,451.4044189453125,0.6196088194847107,0.4719237685203552,0.1066536232829094,1,0.1364571899175644,0.3795322179794311,-200.6756591796875,200.70098876953125,66.212158203125,1,4.8614654541015625,1,26.42122268676757,11.566556930541992,452.34906005859375,0.4219975471496582,0.4657269716262817,0.106535218656063,1
4255501661,645475413240,0.1097149923443794,0.8354343175888062,-215.4373321533203,67.68033599853516,17.796592712402344,1,4.5563507080078125,1,-39.60870361328125,7.63377571105957,450.0625915527344,0.616969883441925,0.4771901667118072,0.1037332788109779,1,0.137541115283966,0.7948200702667236,-200.07730102539065,79.53052520751953,22.10971641540528,1,4.746337890625,1,26.697729110717773,9.75526523590088,451.0852966308594,0.4209634065628052,0.4709785878658294,0.1039599031209945,1
4255518048,645475429627,0.118515059351921,0.982036590576172,-210.5796813964844,24.905506134033203,2.227837085723877,1,4.4744415283203125,1,-39.3201789855957,7.230065822601318,448.9143981933594,0.6164137721061707,0.4783299565315246,0.1013822630047798,1,0.1330426633358001,1.020965576171875,-202.5604858398437,13.547033309936523,-1.906294703483581,1,4.6707916259765625,1,26.776519775390625,9.008212089538574,449.8046875,0.4205057322978973,0.4731082320213318,0.1013820171356201,1
4255551582,645475463161,0.1496402025222778,1.4006513357162476,-193.3986053466797,-97.2356185913086,-42.2279167175293,1,4.3818206787109375,1,-38.481258392333984,6.13777494430542,444.4992370605469,0.6150591373443604,0.4813891947269439,0.0924081429839134,1,0.1535807847976684,1.4410711526870728,-191.22344970703125,-109.02913665771484,-46.52035140991211,1,4.569580078125,1,26.926502227783203,7.804724216461182,445.5009460449219,0.4192916452884674,0.4764479398727417,0.0927643403410911,1
4255601484,645475513063,0.1604421138763427,1.3573546409606934,-187.43592834472656,-84.60282897949219,-37.62992858886719,1,4.3201904296875,1,-37.96742630004883,5.819209575653076,441.3041076660156,0.6143432855606079,0.4822173416614532,0.0859451293945312,1,0.1389636397361755,1.401039719581604,-199.29209899902344,-97.34896850585938,-42.269168853759766,1,4.533355712890625,1,27.28230667114257,7.313779354095459,442.4759826660156,0.4176706075668335,0.4777659177780151,0.0867532342672348,1
4255651398,645475562976,0.1581538319587707,1.3589597940444946,-188.6990966796875,-85.07112884521484,-37.80038070678711,1,4.3364105224609375,1,-37.458038330078125,5.536474227905273,440.1929321289063,0.6130914688110352,0.4830282926559448,0.083636961877346,1,0.1715778410434723,1.3727154731750488,-181.2890472412109,-89.08465576171875,-39.26118850708008,1,4.482955932617188,1,27.61446189880371,6.820710182189941,441.0391845703125,0.4164002537727356,0.4791829884052276,0.0839109495282173,1
4255701314,645475612892,0.1642292886972427,1.3486751317977903,-185.34539794921875,-82.07034301757812,-36.70816421508789,1,4.31982421875,1,-36.793678283691406,5.573293209075928,437.9983215332031,0.6116394400596619,0.4828324317932129,0.0791527107357978,1,0.1653590053319931,1.3696568012237549,-184.7218170166016,-88.19227600097656,-38.93635559082031,1,4.47802734375,1,28.033058166503903,6.739389419555664,438.8348693847656,0.4147112071514129,0.4793263077735901,0.0795620083808898,1
4255717816,645475629394,0.1605193018913269,1.354025959968567,-187.39334106445312,-83.63155364990234,-37.27641677856445,1,4.315719604492188,1,-36.660789489746094,5.535590171813965,437.8551635742188,0.611271858215332,0.482941597700119,0.078844241797924,1,0.1649292558431625,1.3714520931243896,-184.9590759277344,-88.71607208251953,-39.12701797485352,1,4.484588623046875,1,28.11857414245605,6.694456577301025,438.62591552734375,0.4144110679626465,0.4794529378414154,0.0791544765233993,1
4255767686,645475679263,0.1594227850437164,1.3426883220672607,-187.99859619140625,-80.32353210449219,-36.07241821289063,1,4.28363037109375,1,-36.01240921020508,5.285850524902344,437.3845825195313,0.6094178557395935,0.4836838245391845,0.0777929052710533,1,0.1825257837772369,1.3397645950317385,-175.24575805664062,-79.47044372558594,-35.76190948486328,1,4.5861358642578125,1,28.76143264770508,6.303125381469727,438.0849914550781,0.4123516082763672,0.4806174039840698,0.0781467258930206,1
4255801145,645475712722,0.1648533791303634,1.3430196046829224,-185.0009155273437,-80.42023468017578,-36.107566833496094,1,4.2704010009765625,1,-35.34665298461914,5.357598781585693,436.2665710449219,0.6076666712760925,0.4834235608577728,0.075457826256752,1,0.1613435447216034,1.3541117906570437,-186.9383850097656,-83.65658569335938,-37.28554916381836,1,4.420944213867188,1,29.20594787597656,6.249021530151367,436.8646240234375,0.4107524454593658,0.480728805065155,0.0757687985897064,1
4255851065,645475762642,0.1597259640693664,1.3383105993270874,-187.8312530517578,-79.04619598388672,-35.60749053955078,1,4.27618408203125,1,-34.76203536987305,5.309398174285889,437.8860168457031,0.6054898500442505,0.4836306571960449,0.078591488301754,1,0.1551540940999984,1.3604111671447754,-190.3549346923828,-85.49455261230469,-37.95448684692383,1,4.410202026367188,1,29.982913970947266,6.0658392906188965,438.2465515136719,0.4086722731590271,0.4813454747200012,0.0786257907748222,1
4255867521,645475779097,0.1638829261064529,1.3335700035095217,-185.53659057617188,-77.6630630493164,-35.10407257080078,1,4.2761077880859375,1,-34.61503219604492,5.255797386169434,437.6343383789063,0.6051033139228821,0.4837844371795654,0.0780652463436126,1,0.1622280031442642,1.355379343032837,-186.4501037597656,-84.02648162841797,-37.420143127441406,1,4.406539916992188,1,30.09742927551269,5.992452144622803,437.99951171875,0.40827277302742,0.4815581738948822,0.0781465470790863,1
4255967453,645475879029,0.2054247260093689,1.349120020866394,-162.60556030273438,-82.20011138916016,-36.75542831420898,1,4.245849609375,1,-33.23017120361328,5.206219673156738,435.38818359375,0.6014111042022705,0.4838535785675049,0.0733710303902626,1,0.2302390486001968,1.338560700416565,-148.90806579589844,-79.11917114257812,-35.634056091308594,1,4.4708099365234375,1,31.19219970703125,5.700770378112793,435.9364013671875,0.4044955670833587,0.4823629558086395,0.0741762071847915,1
4256067191,645475978766,0.1988904625177383,1.336943745613098,-166.21246337890625,-78.64739990234375,-35.46232604980469,1,4.26422119140625,1,-32.23904037475586,5.003839015960693,434.7465515136719,0.5985252261161804,0.4844499826431274,0.0719379857182502,1,0.2255294322967529,1.331455945968628,-151.50775146484375,-77.04621124267578,-34.87957000732422,1,4.5228118896484375,1,32.069522857666016,5.456333160400391,435.577392578125,0.4017348885536194,0.4830958843231201,0.0735808685421943,1
4256100655,645476012230,0.1648386418819427,1.331789493560791,-185.0090789794922,-77.14351654052734,-34.91497039794922,1,4.289840698242188,1,-31.985265731811523,5.109104633331299,435.0405578613281,0.5976817607879639,0.4841381013393402,0.0724894404411315,1,0.1563804596662521,1.363296389579773,-189.677963256836,-86.33647155761719,-38.260929107666016,1,4.400070190429688,1,32.308380126953125,5.472314834594727,434.933349609375,0.4008584022521972,0.4830222427845001,0.0723320320248603,1
4256150571,645476062145,0.1632287502288818,1.3182893991470337,-185.8977203369141,-73.20455932617188,-33.481285095214844,1,4.316558837890625,1,-31.55894470214844,4.920359611511231,434.5927734375,0.5964763164520264,0.4847003519535064,0.071529783308506,1,0.165929913520813,1.3352437019348145,-184.40670776367188,-78.15132141113281,-35.281768798828125,1,4.4374542236328125,1,32.64580535888672,5.175159454345703,434.5038146972656,0.3997265100479126,0.4839163720607757,0.0715184360742569,1
4256216993,645476128567,0.2372107952833175,1.321037530899048,-145.05963134765625,-74.00640106201172,-33.773155212402344,1,4.3226165771484375,1,-30.846466064453125,4.836434364318848,435.7921752929688,0.5940331220626831,0.4849982559680938,0.0738185420632362,1,0.2864103019237518,1.301589012145996,-117.90154266357422,-68.33182525634766,-31.707778930664062,1,4.6349029541015625,1,33.80323028564453,4.995467662811279,435.2995910644531,0.3963687419891357,0.4844950437545776,0.0732774063944816,1
4256250411,645476161985,0.2800182700157165,1.342977523803711,-121.42993927001952,-80.40789794921875,-36.10313034057617,1,4.3034515380859375,1,-30.247228622436523,4.827445030212402,434.34906005859375,0.5925091505050659,0.4849767386913299,0.0708554089069366,1,0.3119504451751709,1.3169677257537842,-103.8033676147461,-72.81890869140625,-33.34090805053711,1,4.414642333984375,1,33.96320343017578,4.861722946166992,434.2033386230469,0.3956170082092285,0.4848666489124298,0.0711135268211364,1
4256266959,645476178532,0.2896739542484283,1.3498612642288208,-116.09996032714844,-82.4164047241211,-36.83415222167969,1,4.292144775390625,1,-30.248510360717773,4.819951057434082,435.3931884765625,0.5922906398773193,0.4850351512432098,0.0729385986924171,1,0.31065434217453,1.312879204750061,-104.51876831054688,-71.62603759765625,-32.90675354003906,1,4.4396820068359375,1,34.09718704223633,4.837818145751953,434.8147888183594,0.3953531682491302,0.4849608242511749,0.0723529681563377,1
4256283572,645476195145,0.2933819591999054,1.3332490921020508,-114.05316162109376,-77.56940460205078,-35.06998062133789,1,4.3523712158203125,1,-30.14909553527832,4.773791790008545,435.97259521484375,0.5918640494346619,0.4851956963539123,0.0740797743201255,1,0.3100732266902923,1.318924903869629,-104.8395767211914,-73.38998413085938,-33.54880142211914,1,4.464767456054688,1,34.34680938720703,4.741823196411133,435.2195129394531,0.3946865200996399,0.4852683544158935,0.0731969028711319,1
4256300331,645476211904,0.2941873073577881,1.339985728263855,-113.60862731933594,-79.53490447998047,-35.78536605834961,1,4.330352783203125,1,-29.860153198242188,4.68813943862915,434.8018798828125,0.5912270545959473,0.4854187965393066,0.0717024505138397,1,0.3042393922805786,1.3242579698562622,-108.05984497070312,-74.94603729248047,-34.115169525146484,1,4.4317474365234375,1,34.4820556640625,4.632497310638428,434.4719543457031,0.3940911889076233,0.4855784177780151,0.0717255249619484,1
4256316829,645476228402,0.2967278361320495,1.333930253982544,-112.20624542236328,-77.76815795898438,-35.14234924316406,1,4.362319946289063,1,-29.823511123657227,4.671087265014648,435.8253784179688,0.5909003615379333,0.4855045974254608,0.0737391337752342,1,0.3024985790252685,1.3110936880111694,-109.0207977294922,-71.10501861572266,-32.71714782714844,1,4.46917724609375,1,34.6317138671875,4.5781731605529785,435.1370849609375,0.3937947452068329,0.4857663810253143,0.0730740949511528,1
4256333487,645476245060,0.295805275440216,1.3267061710357666,-112.71548461914062,-75.66034698486328,-34.37514114379883,1,4.34564208984375,1,-29.701923370361328,4.668601989746094,436.6143798828125,0.5903648138046265,0.4855380058288574,0.0752967521548271,1,0.2955805659294128,1.3271013498306274,-112.83953094482422,-75.77564239501953,-34.417091369628906,1,4.476364135742188,1,34.96363830566406,4.54336404800415,435.8792114257813,0.3929611146450043,0.4858965873718261,0.0746057108044624,1
4256350251,645476261824,0.2959429919719696,1.31104576587677,-112.63946533203124,-71.09100341796875,-32.71205139160156,1,4.342559814453125,1,-29.33523750305176,4.686988353729248,435.1535034179688,0.5895468592643738,0.4854339063167572,0.0723327621817588,1,0.2883982062339782,1.316816806793213,-116.80419158935548,-72.77490997314453,-33.324913024902344,1,4.46514892578125,1,35.10226821899414,4.513391971588135,434.7093200683594,0.3922490179538727,0.4859510660171509,0.0722952261567115,1
4256366795,645476278368,0.2951647937297821,1.3272254467010498,-113.06903076171876,-75.81187438964844,-34.430320739746094,1,4.312835693359375,1,-29.173561096191406,4.755646705627441,434.4559326171875,0.5891954898834229,0.485200434923172,0.0709205344319343,1,0.290069043636322,1.3130159378051758,-115.88186645507812,-71.66588592529297,-32.92127990722656,1,4.453170776367188,1,35.159706115722656,4.513419628143311,434.0854797363281,0.3919183015823364,0.4859310686588287,0.071060910820961,1
4256383403,645476294976,0.2921314537525177,1.3289597034454346,-114.74342346191406,-76.31788635253906,-34.61446762084961,1,4.3504180908203125,1,-29.006866455078125,4.813248634338379,433.3323059082031,0.5889150500297546,0.4849856197834015,0.0686574727296829,1,0.2945018708705902,1.3120344877243042,-113.43492889404295,-71.37952423095703,-32.81705093383789,1,4.451431274414063,1,35.091705322265625,4.520065307617188,432.6138305664063,0.3917606770992279,0.4858635365962982,0.0681165158748626,1
4256400171,645476311743,0.2743009626865387,1.329372763633728,-124.58586120605467,-76.43838500976562,-34.65833282470703,1,4.324142456054688,1,-28.89643859863281,4.829752445220947,433.2980041503906,0.5885826945304871,0.4849337339401245,0.0685746446251869,1,0.3198941648006439,1.3098241090774536,-99.41842651367188,-70.73452758789062,-32.582313537597656,1,4.42926025390625,1,35.098602294921875,4.470582962036133,432.8571472167969,0.3918001651763916,0.4860236048698425,0.0686016231775283,1
4256416664,645476328236,0.2654114067554474,1.3341219425201416,-129.49290466308594,-77.82405090332031,-35.16266250610352,1,4.2955322265625,1,-28.82391929626465,4.780257225036621,432.9671936035156,0.5884275436401367,0.4850746095180511,0.067903809249401,1,0.3225899040699005,1.3039158582687378,-97.9303741455078,-69.01068878173828,-31.954872131347656,1,4.4574737548828125,1,35.12240219116211,4.43303108215332,432.7352600097656,0.3916965425014496,0.4861352741718292,0.0683617517352104,1
4256466630,645476378202,0.2769037187099457,1.344140648841858,-123.14913940429688,-80.74725341796875,-36.22665023803711,1,4.331451416015625,1,-28.88763427734375,4.491310119628906,433.61724853515625,0.5884903073310852,0.4859840273857116,0.0692033097147941,1,0.2974687218666076,1.3000880479812622,-111.79727172851562,-67.89384460449219,-31.548349380493164,1,4.6332855224609375,1,35.26090621948242,4.081335544586182,433.2846374511719,0.3914078772068023,0.4872334599494934,0.0694724097847938,1
4256516500,645476428072,0.2672334015369415,1.327392339706421,-128.48715209960938,-75.86053466796875,-34.448028564453125,1,4.3840179443359375,1,-28.947723388671875,4.420864105224609,433.2212219238281,0.5887561440467834,0.4861879646778106,0.0684195533394813,1,0.315733790397644,1.2753498554229736,-101.71492767333984,-60.67585754394531,-28.92125129699707,1,4.645965576171875,1,35.093387603759766,4.026549339294434,432.6927490234375,0.3917751908302307,0.4873849153518677,0.068264402449131,1
4256599851,645476511422,0.2694698572158813,1.3398760557174685,-127.25260925292967,-79.50301361083984,-35.77374267578125,1,4.385177612304688,1,-28.655086517333984,3.865494966506958,432.8562927246094,0.5879308581352234,0.4878849983215332,0.067641906440258,1,0.285658985376358,1.339681625366211,-118.31624603271484,-79.44620513916016,-35.753055572509766,1,4.5384063720703125,1,35.34011459350586,3.4422261714935303,432.3790283203125,0.3909369707107544,0.4891754686832428,0.0676690638065338,1
4256616334,645476527905,0.2747681140899658,1.3437883853912354,-124.32799530029295,-80.64452362060547,-36.1892204284668,1,4.3732452392578125,1,-28.58696174621582,3.87027359008789,433.1538696289063,0.5876608490943909,0.4878785312175751,0.0682268664240837,1,0.2872399687767029,1.3373699188232422,-117.44353485107422,-78.77176666259766,-35.50758361816406,1,4.56024169921875,1,35.4447021484375,3.4121768474578857,432.57659912109375,0.3906647264957428,0.4892728626728058,0.0680794641375541,1
4256649771,645476561342,0.5061643719673157,1.3690003156661987,3.4027602672576904,-88.00069427490234,-38.86665725708008,1,4.44140625,1,-26.72187042236328,3.862649917602539,431.4905395507813,0.5822437405586243,0.4878561794757843,0.0646688863635063,1,0.5209800004959106,1.3697454929351809,11.580955505371094,-88.21813201904297,-38.94580078125,1,4.5322265625,1,36.97374725341797,3.1675944328308105,430.9171447753906,0.3855194449424743,0.4899882078170776,0.0650241076946258,1
4256682927,645476594497,0.7810349464416504,1.3531595468521118,155.13133239746094,-83.3787612915039,-37.18442916870117,1,4.581634521484375,1,-25.01481819152832,3.751016139984131,432.1809387207031,0.5768522620201111,0.4882191717624664,0.0658410042524337,1,0.8958261609077454,1.4908125400543213,218.4960327148437,-123.54244232177734,-51.802734375,1,4.555999755859375,1,39.39003753662109,2.4576213359832764,431.3458251953125,0.3781735002994537,0.4921897351741791,0.0662952288985252,1
4256699701,645476611271,0.8933201432228088,1.3979413509368896,217.11276245117188,-96.44493103027344,-41.940086364746094,1,4.61492919921875,1,-24.00667190551757,3.545154571533203,434.4112243652344,0.5733662247657776,0.4889095425605774,0.0701769441366195,1,0.9007949233055116,1.5109531879425049,221.23880004882807,-129.41896057128906,-53.94161987304688,1,4.5368194580078125,1,39.97321701049805,2.2636096477508545,432.49652099609375,0.3767015039920807,0.4928072690963745,0.0686914697289466,1
4256799558,645476711127,0.8937683701515198,1.470062494277954,217.360107421875,-117.48805236816406,-49.59917449951172,1,4.589614868164063,1,-20.97819900512696,4.120287895202637,439.1553649902344,0.5633881092071533,0.4872829914093017,0.0793508887290954,1,0.8755209445953369,1.4491238594055176,207.28756713867188,-111.37869262695312,-47.37553405761719,1,4.654083251953125,1,43.81014633178711,1.7568366527557373,437.4329223632813,0.3664100170135498,0.4944286346435547,0.0792496353387832,1
4256849484,645476761053,0.9125569462776184,1.4554435014724731,227.7314300537109,-113.22261810302734,-48.046688079833984,1,4.6316680908203125,1,-20.52168273925781,4.257449150085449,442.8688354492188,0.5614820718765259,0.4869753122329712,0.0867290049791336,1,0.8897261023521423,1.431843876838684,215.1288146972656,-106.3368682861328,-45.54048156738281,1,4.6965179443359375,1,44.78138732910156,1.5960633754730225,441.1468200683594,0.3646010160446167,0.4949589967727661,0.0868335589766502,1
4256882547,645476794116,0.8928241729736328,1.4280930757522583,216.83892822265625,-105.24243927001952,-45.142127990722656,1,4.671417236328125,1,-20.62830352783203,4.733923435211182,442.2388916015625,0.5618910193443298,0.4855224192142486,0.0854901149868965,1,0.8658192753791809,1.425438404083252,201.93228149414065,-104.4678955078125,-44.86023712158203,1,4.6999359130859375,1,44.379493713378906,2.282188653945923,440.0393981933594,0.365477055311203,0.4928704798221588,0.0845550522208213,1
4256899408,645476810977,0.6624113321304321,1.0379551649093628,89.65108489990234,8.589869499206543,-3.7105555534362793,1,4.753173828125,1,-21.661420822143555,5.628313064575195,443.1203308105469,0.5648720860481262,0.4828629493713379,0.0873702988028526,1,0.7628191709518433,1.1750950813293457,145.07618713378906,-31.42407417297364,-18.27444267272949,1,4.6783447265625,1,43.42837142944336,3.069551467895508,440.5374755859375,0.3685038983821869,0.4904983639717102,0.0853670686483383,1
4256932463,645476844031,0.3563025891780853,0.6503887176513672,-79.32093811035156,121.67186737060548,37.44791412353516,1,4.610137939453125,1,-23.329364776611328,6.4538350105285645,440.5157165527344,0.570298969745636,0.4802674949169159,0.0823605358600616,1,0.3899123966693878,0.6025270223617554,-60.76837921142578,135.63674926757812,42.53071594238281,1,4.619644165039063,1,40.719383239746094,4.327232837677002,438.7798767089844,0.3761994242668152,0.4866442680358886,0.0813729241490364,1
4256949324,645476860892,0.2033136039972305,0.5038726329803467,-163.7708740234375,164.42156982421875,53.00751876831055,1,4.787399291992188,1,-24.96165657043457,6.786149978637695,440.4609375,0.5752426385879517,0.4792604148387909,0.0824397578835487,1,0.2549354135990143,0.4535768330097198,-135.27565002441406,179.09661865234375,58.34883499145508,1,4.83135986328125,1,39.52426528930664,4.754493713378906,439.3046875,0.3799697458744049,0.4853648543357849,0.082209475338459,1
4256999234,645476910802,0.1760237216949463,0.4622493386268616,-178.83493041992188,176.56622314453125,57.42782211303711,1,4.814971923828125,1,-27.33343505859375,7.365692138671875,443.8090515136719,0.5817897319793701,0.4776762723922729,0.0894218757748603,1,0.1872959733009338,0.4390986561775207,-172.61264038085938,183.3209686279297,59.8863525390625,1,4.936920166015625,1,37.77586364746094,5.894936561584473,442.7582702636719,0.3861626982688904,0.4820472598075866,0.0888118892908096,1
4257032294,645476943862,0.17249596118927,0.4583001434803009,-180.78219604492188,177.7184600830078,57.84720993041992,1,4.8585968017578125,1,-28.4388427734375,7.513050079345703,447.5003356933594,0.5844026207923889,0.4774200916290283,0.0969320088624954,1,0.1852376610040664,0.4384596049785614,-173.7488250732422,183.5074615478516,59.954219818115234,1,4.953536987304688,1,37.12418746948242,6.407845973968506,447.5321960449219,0.3893137276172638,0.4807102084159851,0.0982301011681556,1
4257049154,645476960721,0.1780551373958587,0.451385349035263,-177.71356201171875,179.73606872558594,58.58154296875,1,4.908981323242188,1,-29.397741317749023,7.395422458648682,450.451904296875,0.5866828560829163,0.4779143333435058,0.1029415279626846,1,0.1833709925413131,0.4238578975200653,-174.77923583984375,187.7678680419922,61.5048713684082,1,5.0169677734375,1,36.7750358581543,6.465189933776856,449.6862487792969,0.3908767700195312,0.4806317389011383,0.1024675294756889,1
4257099078,645477010645,0.0946435928344726,0.412310779094696,-223.75672912597656,191.13702392578125,62.731143951416016,1,4.9577178955078125,1,-31.26970100402832,7.803135395050049,453.5416259765625,0.5915870070457458,0.476866215467453,0.109370544552803,1,0.0976243391633033,0.3649155795574188,-222.11135864257807,204.96571350097656,67.76437377929688,1,5.1166534423828125,1,35.33319091796875,7.230488300323486,453.1993103027344,0.3959574997425079,0.4785314798355102,0.1092641577124595,1
4257115512,645477027079,0.0859778523445129,0.4079776704311371,-228.5402374267578,192.4013214111328,63.19131088256836,1,5.004562377929688,1,-31.468027114868164,7.866262912750244,453.5337829589844,0.5921708941459656,0.4766804277896881,0.1093844026327133,1,0.0899092406034469,0.3587384521961212,-226.3701019287109,206.76806640625,68.42037200927734,1,5.0999908447265625,1,35.08543014526367,7.393465042114258,453.27874755859375,0.3967035710811615,0.4780564308166504,0.1093894019722938,1
4257148998,645477060565,0.0958841815590858,0.4250454008579254,-223.0719451904297,187.42140197753903,61.37876510620117,1,4.986099243164063,1,-32.590858459472656,7.8243584632873535,454.61322021484375,0.5952404737472534,0.4768580198287964,0.111694149672985,1,0.0857861787080764,0.3407587707042694,-228.64605712890625,212.0140991210937,70.32977294921875,1,5.113555908203125,1,34.03011703491211,7.618796348571777,454.46002197265625,0.400063693523407,0.4774526357650757,0.1115920394659042,1
4257165381,645477076948,0.0975202843546867,0.4333589375019073,-222.1688232421875,184.99571228027344,60.49588394165039,1,4.98638916015625,1,-32.79326248168945,7.764813899993896,454.6014099121094,0.59583580493927,0.4770318269729614,0.111697569489479,1,0.0876083076000213,0.3449435234069824,-227.6402282714844,210.79307556152344,69.8853530883789,1,5.1170654296875,1,33.93444061279297,7.61722469329834,454.4687805175781,0.4003459513187408,0.4774576425552368,0.1115951538085937,1
4257198924,645477110490,0.1063574999570846,0.4123398959636688,-217.29067993164065,191.1285552978516,62.7280502319336,1,5.000946044921875,1,-33.92323684692383,8.029385566711426,455.4232482910156,0.5989664793014526,0.4762992858886719,0.1135109886527061,1,0.0978841409087181,0.370527058839798,-221.96795654296875,203.32843017578125,67.1684799194336,1,5.100372314453125,1,32.84732437133789,8.30613899230957,455.5016784667969,0.40374955534935,0.4754942655563354,0.1135200187563896,1
4257215347,645477126913,0.1027492806315422,0.4155603051185608,-219.2824249267578,190.1889038085937,62.38604736328125,1,4.9993896484375,1,-34.151123046875,8.235530853271484,455.5395202636719,0.5996072888374329,0.4757026731967926,0.1137841790914535,1,0.0927828103303909,0.3742724657058716,-224.78390502929688,202.2356109619141,66.77073669433594,1,5.1287384033203125,1,32.735877990722656,8.477514266967773,455.5957946777344,0.4040951430797577,0.474998414516449,0.1136980578303337,1
4257248848,645477160414,0.089933305978775,0.4202397167682647,-226.3568420410156,188.82354736328125,61.88912582397461,1,4.9769287109375,1,-35.11311721801758,8.814005851745605,455.9200134277344,0.6023337244987488,0.4740332067012787,0.1147102043032646,1,0.1009077057242393,0.3595128059387207,-220.2989654541016,206.5421295166016,68.33816528320312,1,5.10205078125,1,31.77940368652344,9.448004722595217,456.1264343261719,0.4069987833499908,0.4721938967704773,0.1146595478057861,1
4257265217,645477176783,0.095425434410572,0.4283564984798431,-223.3251800537109,186.45529174804688,61.027156829833984,1,4.971771240234375,1,-35.289588928222656,8.77706241607666,456.0814208984375,0.6028127074241638,0.474150151014328,0.1150577366352081,1,0.0994716957211494,0.3548787236213684,-221.09164428710932,207.8942413330078,68.83028411865234,1,5.08001708984375,1,31.70645523071289,9.461865425109863,456.2086181640625,0.4072284400463104,0.4721584320068359,0.1148139014840126,1
4257298773,645477210339,0.1034915968775749,0.4173505008220672,-218.8726501464844,189.66653442382807,62.19596481323242,1,4.996612548828125,1,-36.05999374389648,8.371893882751465,456.708740234375,0.6049174666404724,0.4753667116165161,0.1164132058620452,1,0.0823411419987678,0.3454880118370056,-230.54771423339844,210.6342010498047,69.82758331298828,1,5.0836029052734375,1,31.1180362701416,9.344799995422363,456.997314453125,0.4091027379035949,0.4725472033023834,0.1163017004728317,1
4257348697,645477260262,0.0879800617694854,0.4571812450885772,-227.43502807617188,178.04495239257812,57.96605682373047,1,5.00653076171875,1,-36.59465026855469,8.638043403625488,456.6573486328125,0.6064883470535278,0.4745878577232361,0.1164053976535797,1,0.0759875029325485,0.3778828680515289,-234.05490112304688,201.1822052001953,66.38728332519531,1,5.0497589111328125,1,30.5647201538086,9.689854621887209,457.02728271484375,0.4107208847999573,0.4715436100959778,0.1163013279438018,1
4257365052,645477276617,0.0875831767916679,0.4657928049564361,-227.6540985107422,175.53231811523438,57.051517486572266,1,4.9992218017578125,1,-36.653202056884766,8.66771125793457,456.67486572265625,0.6066550016403198,0.4745023548603058,0.1164508089423179,1,0.0811941176652908,0.3791493773460388,-231.1808624267578,200.81265258789065,66.2527847290039,1,5.063140869140625,1,30.49469566345215,9.766427993774414,457.0576171875,0.4109307825565338,0.4713224172592163,0.1163557767868042,1
4257398617,645477310182,0.0954024493694305,0.4493128359317779,-223.3378448486328,180.3407592773437,58.80162048339844,1,5.0210723876953125,1,-36.89423751831055,8.406630516052246,457.0046997070313,0.6072801947593689,0.475281298160553,0.1171372085809707,1,0.0795089527964592,0.3817732334136963,-232.11102294921875,200.04705810546875,65.97412872314453,1,5.0546417236328125,1,30.36476707458496,9.588712692260742,457.4079895019531,0.4113771021366119,0.4718616008758545,0.117030031979084,1
4257415018,645477326583,0.0970431342720985,0.4452953934669494,-222.43218994140625,181.512939453125,59.22827911376953,1,5.0155029296875,1,-36.942081451416016,8.361146926879883,457.1251525878906,0.6073912382125854,0.4754202663898468,0.1173833012580871,1,0.0822953954339027,0.3822190463542938,-230.57293701171875,199.91702270507807,65.92679595947266,1,5.059661865234375,1,30.33403205871582,9.509174346923828,457.5548706054688,0.4114949405193329,0.472102016210556,0.1173157319426536,1
4257448537,645477360101,0.0880941823124885,0.4619941711425781,-227.3720245361328,176.64068603515625,57.45491409301758,1,5.02362060546875,1,-37.05862045288086,8.624114036560059,456.9826049804688,0.6077644228935242,0.4746463894844055,0.1171277463436126,1,0.0745991170406341,0.3728428483009338,-234.82130432128903,202.6527557373047,66.92253112792969,1,5.0550689697265625,1,30.24283599853516,9.688066482543944,457.4097290039063,0.4117324352264404,0.4715724289417267,0.1170215457677841,1
4257464888,645477376452,0.0864763334393501,0.4551606476306915,-228.2650756835937,178.63450622558594,58.18060302734375,1,5.02490234375,1,-37.10260772705078,8.731724739074707,457.1475830078125,0.6078535914421082,0.47434201836586,0.117467775940895,1,0.0817615762352943,0.3693470060825348,-230.8676147460937,203.6727294921875,67.29378509521484,1,5.063873291015625,1,30.216602325439453,9.820151329040527,457.6174926757813,0.4118487238883972,0.4712008833885193,0.117438293993473,1
4257498462,645477410026,0.0872555673122406,0.4497499167919159,-227.83493041992188,180.21322631835932,58.75520706176758,1,5.057373046875,1,-37.36991500854492,8.840035438537598,457.7694091796875,0.6084843873977661,0.4740614891052246,0.1187545806169509,1,0.0708641782402992,0.3669275045394897,-236.8829803466797,204.37869262695312,67.55072021484375,1,5.0895538330078125,1,30.118013381958008,10.007875442504885,458.2254028320313,0.4122518897056579,0.4706932604312897,0.1186463013291359,1
4257548381,645477459945,0.0876330956816673,0.4516116976737976,-227.6265563964844,179.6699981689453,58.557525634765625,1,5.0579681396484375,1,-37.76581954956055,8.518181800842285,458.696533203125,0.6094139814376831,0.4750477969646454,0.1206548437476158,1,0.0773394703865051,0.362830102443695,-233.30859375,205.57421875,67.9858627319336,1,5.11956787109375,1,29.91171646118164,9.753059387207031,459.2046508789063,0.4130367934703827,0.4714942276477813,0.1205623149871826,1
4257564722,645477476286,0.0807388797402381,0.4514904618263244,-231.43214416503903,179.70535278320312,58.570411682128906,1,5.079757690429688,1,-37.82490158081055,8.579265594482422,458.7406921386719,0.6095749735832214,0.4748728573322296,0.1207547634840011,1,0.0709139481186866,0.362135648727417,-236.8555145263672,205.77685546875,68.05963134765625,1,5.12823486328125,1,29.8507137298584,9.8192720413208,459.27099609375,0.4132261574268341,0.4713063240051269,0.1206895783543586,1
4257598301,645477509864,0.0666031464934349,0.4074641168117523,-239.23507690429688,192.5511474609375,63.24583053588867,1,5.1142425537109375,1,-38.11886596679688,8.895353317260742,459.1820068359375,0.6103219389915466,0.4739801585674286,0.1216946989297866,1,0.0601136609911918,0.3614960014820099,-242.8172607421875,205.96343994140625,68.12755584716797,1,5.090576171875,1,29.65142250061035,10.245993614196776,459.7345275878906,0.4138906896114349,0.4700990319252014,0.1216072961688041,1
4257614688,645477526251,0.0785983800888061,0.4193939566612243,-232.6137237548828,189.07032775878903,61.97891616821289,1,5.1020050048828125,1,-38.20137405395508,8.884350776672363,459.3799133300781,0.61051344871521,0.474023163318634,0.1221023574471473,1,0.0658839344978332,0.3658585250377655,-239.63204956054688,204.6905670166016,67.66425323486328,1,5.110366821289063,1,29.592220306396484,10.271072387695312,459.9615783691406,0.4141044914722442,0.4700410664081573,0.1220538914203643,1
4257648221,645477559784,0.0488457307219505,0.4150948226451874,-249.03717041015625,190.3246917724609,62.435508728027344,1,5.101119995117188,1,-38.44629287719727,8.539002418518066,460.17620849609375,0.6110305786132812,0.4750670790672302,0.1237167939543724,1,0.0653840899467468,0.3714273571968078,-239.907943725586,203.06570434570312,67.07284545898438,1,5.1082305908203125,1,29.41850471496582,9.995105743408203,460.7743835449219,0.414757639169693,0.4708910286426544,0.1236414760351181,1
4257664558,645477576121,0.0508685521781444,0.414834976196289,-247.9205780029297,190.4005126953125,62.46310424804688,1,5.100357055664063,1,-38.49707412719727,8.517813682556152,460.1751403808594,0.6111777424812317,0.4751283228397369,0.1237223520874977,1,0.067777544260025,0.3643022775650024,-238.5868377685547,205.1446533203125,67.82952880859375,1,5.099624633789063,1,29.3620719909668,9.94249153137207,460.779541015625,0.4149216711521148,0.4710434377193451,0.1236422732472419,1
4257698142,645477609705,0.0717057436704635,0.4108787178993225,-236.4184417724609,191.5548553466797,62.88322830200195,1,5.053756713867188,1,-38.7459602355957,8.736084938049316,460.2141418457031,0.6118885278701782,0.4744988679885864,0.1238498538732528,1,0.0618296153843402,0.3597867786884308,-241.8700561523437,206.462158203125,68.3090591430664,1,5.0746612548828125,1,29.181486129760746,10.215195655822754,460.8516540527344,0.4154567718505859,0.4702599644660949,0.1237752065062522,1
4257714524,645477626086,0.0751058980822563,0.4156968295574188,-234.5415496826172,190.1490478515625,62.371543884277344,1,5.040130615234375,1,-38.78701019287109,8.7765531539917,460.2775268554688,0.611991822719574,0.4743852317333221,0.1239845603704452,1,0.0626242309808731,0.3573497235774994,-241.43142700195312,207.1732482910156,68.56786346435547,1,5.076080322265625,1,29.149564743041992,10.308969497680664,460.9319763183594,0.415563702583313,0.4699941873550415,0.1239356100559234,1
4257748061,645477659623,0.0774981155991554,0.4256504774093628,-233.22105407714844,187.244857788086,61.31449508666992,1,4.9931488037109375,1,-38.88346481323242,8.656647682189941,460.4363708496094,0.6122320294380188,0.4747408330440521,0.1243127435445785,1,0.0676887109875679,0.3800498843193054,-238.6358337402344,200.5498962402344,66.15716552734375,1,5.084030151367188,1,29.08260154724121,10.272324562072754,461.0774536132813,0.4157836437225342,0.4701094031333923,0.1242158189415931,1
4257764394,645477675956,0.0766428187489509,0.4311260879039764,-233.69317626953125,185.64718627929688,60.733009338378906,1,5.015960693359375,1,-38.87355041503906,8.585282325744629,460.40771484375,0.6122103333473206,0.4749456644058227,0.1242513433098793,1,0.0835095047950744,0.3805710673332214,-229.9027862548828,200.39784240722656,66.1018295288086,1,4.9503173828125,1,29.040287017822266,10.26226806640625,461.0703125,0.415904551744461,0.4701380133628845,0.124195858836174,1
4257797981,645477709543,0.0892069488763809,0.438368558883667,-226.7577514648437,183.5340118408203,59.9638671875,1,4.9413909912109375,1,-38.71353149414063,8.573606491088867,459.88616943359375,0.611874520778656,0.4749512672424316,0.1231847554445266,1,0.073722206056118,0.3681433200836181,-235.30532836914065,204.02395629882807,67.42159271240234,1,4.995773315429688,1,29.13677406311035,10.170007705688477,460.5085144042969,0.4155232310295105,0.4703686237335205,0.1230828240513801,1
4257814360,645477725922,0.0927854627370834,0.4333853423595428,-224.7824249267578,184.988021850586,60.49309158325195,1,4.921722412109375,1,-38.6514778137207,8.64942741394043,459.718505859375,0.6117356419563293,0.4747226238250732,0.1228431388735771,1,0.0827690213918685,0.3693323731422424,-230.31149291992188,203.67703247070312,67.29532623291016,1,4.9791412353515625,1,29.184717178344727,10.253045082092283,460.2945861816406,0.4153453707695007,0.4701147377490997,0.1226656511425972,1
4257847901,645477759462,0.0966340824961662,0.4307792782783508,-222.65798950195312,185.7483673095703,60.76985931396485,1,4.855499267578125,1,-38.51647186279297,8.886195182800293,458.9530029296875,0.6115306615829468,0.4739938378334045,0.1213041990995407,1,0.0812895074486732,0.3674196004867553,-231.1282196044922,204.2351226806641,67.49848937988281,1,4.9168701171875,1,29.238571166992188,10.451903343200684,459.5499572753906,0.4150525331497192,0.4694904386997223,0.1211954951286315,1
4257864229,645477775790,0.0969208627939224,0.4338561594486236,-222.4996795654297,184.85061645507807,60.4431037902832,1,4.878631591796875,1,-38.48083114624024,8.852877616882324,458.9030456542969,0.6114394664764404,0.4740877449512481,0.1211973875761032,1,0.0844524726271629,0.3681782484054565,-229.38221740722656,204.0137481689453,67.41790771484375,1,4.923980712890625,1,29.23394203186035,10.435023307800291,459.4852600097656,0.4150539934635162,0.4695350527763366,0.1210650652647018,1
4257897821,645477809382,0.1049194559454917,0.4446616172790527,-218.08447265625,181.6978454589844,59.29556655883789,1,4.828781127929688,1,-38.36240768432617,8.65864372253418,458.3947448730469,0.6112192273139954,0.4746235013008117,0.1201573461294174,1,0.0853412970900535,0.3681187331676483,-228.8916015625,204.0311279296875,67.42422485351562,1,4.875747680664063,1,29.333425521850582,10.218913078308104,458.97113037109375,0.414670467376709,0.4701282083988189,0.1200421154499054,1
4257914195,645477825756,0.1026230379939079,0.4467416405677795,-219.35208129882807,181.09092712402344,59.07468795776367,1,4.819351196289063,1,-38.33286285400391,8.677146911621094,458.3836669921875,0.6111360788345337,0.4745691120624542,0.1201310455799102,1,0.0886459648609161,0.3691425919532776,-227.0674285888672,203.7323760986328,67.31549072265625,1,4.895309448242188,1,29.35055923461914,10.213804244995115,458.9583740234375,0.4146183729171753,0.4701422154903412,0.1200186759233474,1
4257947741,645477859302,0.1030033677816391,0.4523687958717346,-219.1421356201172,179.44908142089844,58.47710037231445,1,4.776214599609375,1,-38.07616424560547,8.922146797180176,456.93853759765625,0.6107402443885803,0.4737754166126251,0.117218017578125,1,0.0986628383398056,0.3870164155960083,-221.53811645507807,198.5172882080078,65.4173583984375,1,4.844879150390625,1,29.369165420532227,10.436470985412598,457.54583740234375,0.414301335811615,0.4694027006626129,0.1172123998403549,1
4257997661,645477909221,0.0855031162500381,0.4415548145771026,-228.80227661132807,182.60433959960932,59.625518798828125,1,4.75909423828125,1,-37.83504486083984,8.89453411102295,455.9601745605469,0.6102741360664368,0.4738002717494964,0.1152273565530777,1,0.0874308943748474,0.3690434396266937,-227.7381591796875,203.7613067626953,67.32603454589844,1,4.8101348876953125,1,29.40176773071289,10.373612403869627,456.51312255859375,0.4140128791332245,0.4695173501968384,0.1151531338691711,1
4258014031,645477925591,0.0832948163151741,0.4486997723579407,-230.0212554931641,180.5196075439453,58.866737365722656,1,4.7674713134765625,1,-37.83681106567383,8.893828392028809,456.01275634765625,0.6102665662765503,0.4738053381443023,0.1153323948383331,1,0.0871070399880409,0.3723564743995666,-227.9169006347656,202.794677734375,66.97420501708984,1,4.807464599609375,1,29.40191078186035,10.3634033203125,456.5773010253906,0.4140245020389557,0.4695513546466827,0.1152807027101516,1
4258047581,645477959141,0.0977951288223266,0.4459885358810425,-222.01708984375,181.31069946289065,59.15467071533203,1,4.727508544921875,1,-37.91862869262695,9.116388320922852,456.3446044921875,0.6104249358177185,0.4731747806072235,0.1160159930586814,1,0.0859628170728683,0.3754518330097198,-228.5485382080078,201.8915100097656,66.64546203613281,1,4.7779388427734375,1,29.46497917175293,10.572309494018556,456.8793029785156,0.4138973653316498,0.4689624905586242,0.1159010007977485,1
4258063899,645477975459,0.0957775488495826,0.4505758881568908,-223.1307830810547,179.97219848632812,58.66751480102539,1,4.736831665039063,1,-37.91263198852539,9.169876098632812,456.3197021484375,0.6104134917259216,0.4730172157287597,0.1159675270318985,1,0.0857060402631759,0.3779202103614807,-228.69027709960932,201.1713104248047,66.3833236694336,1,4.790863037109375,1,29.44281578063965,10.652426719665527,456.8515930175781,0.4139567613601684,0.4687270522117615,0.1158465594053268,1
4258097501,645478009060,0.1017424315214157,0.4665587544441223,-219.83816528320312,175.30880737304688,56.970157623291016,1,4.7188262939453125,1,-37.97744369506836,9.246085166931152,455.7559814453125,0.6107397079467773,0.4727614820003509,0.1148579716682434,1,0.0852895453572273,0.3787240087985992,-228.920166015625,200.9367828369141,66.29798889160156,1,4.7569427490234375,1,29.30509757995605,10.774145126342772,456.3224792480469,0.4142591059207916,0.468335896730423,0.114778809249401,1
4258113865,645478025424,0.0936576053500175,0.4610381722450256,-224.30099487304688,176.9195556640625,57.556419372558594,1,4.699554443359375,1,-38.00533676147461,9.23765468597412,455.68505859375,0.6108384728431702,0.4727819263935089,0.1147209480404853,1,0.0875649005174636,0.3812520503997803,-227.6641845703125,200.1991729736328,66.02950286865234,1,4.75994873046875,1,29.261850357055664,10.75328540802002,456.2532043457031,0.4143723547458648,0.4683919548988342,0.114634096622467,1
4258147421,645478058980,0.0796594321727752,0.4440613985061645,-232.0279998779297,181.8729858398437,59.359317779541016,1,4.701263427734375,1,-38.17020034790039,9.27405834197998,455.6253967285156,0.6113348007202148,0.4726719558238983,0.1146310418844223,1,0.0806302055716514,0.3754109740257263,-231.4921417236328,201.9034576416016,66.64981842041016,1,4.763946533203125,1,29.084720611572266,10.836804389953612,456.2096252441406,0.4148812294006347,0.4681452214717865,0.114528439939022,1
4258197341,645478108900,0.0894369333982467,0.4554681181907654,-226.6307830810547,178.5447540283203,58.1479606628418,1,4.705810546875,1,-38.46644592285156,9.626631736755373,455.3210144042969,0.6122757792472839,0.4716226756572723,0.1140887439250946,1,0.0861896127462387,0.3821171820163727,-228.42333984375,199.94674682617188,65.9376220703125,1,4.7725830078125,1,28.73934555053711,11.308650016784668,455.9464111328125,0.4158409237861633,0.4667488634586334,0.1139824241399765,1
4258247261,645478158819,0.072208471596241,0.466776579618454,-236.1409454345703,175.2452850341797,56.94704818725586,1,4.7396392822265625,1,-38.777462005615234,9.549330711364746,455.5674133300781,0.6131240725517273,0.4718638956546783,0.1146289706230163,1,0.0704517588019371,0.3744369447231293,-237.1106414794922,202.1876373291016,66.75322723388672,1,4.7908477783203125,1,28.37741470336914,11.360909461975098,456.236572265625,0.4169507026672363,0.4666173160076141,0.1145187988877296,1
4258263667,645478175225,0.0710588917136192,0.4656902253627777,-236.7754821777344,175.56222534179688,57.062408447265625,1,4.7418975830078125,1,-38.81199645996094,9.551316261291504,455.6393737792969,0.6132071614265442,0.4718625247478485,0.1147783175110817,1,0.0709607154130935,0.3822116553783417,-236.82969665527344,199.919174194336,65.9275894165039,1,4.7781829833984375,1,28.3505973815918,11.37665557861328,456.3179626464844,0.4170437157154083,0.4665773212909698,0.1146786510944366,1
4258297182,645478208740,0.0557063855230808,0.4232363998889923,-245.25010681152344,187.9492034912109,61.57089614868164,1,4.720993041992188,1,-38.94786834716797,9.712262153625488,456.2158203125,0.61346036195755,0.4714279770851135,0.1159566640853881,1,0.0650224089622497,0.3678240180015564,-240.10763549804688,204.1171112060547,67.45555877685547,1,4.770065307617188,1,28.329605102539062,11.583578109741213,456.9091796875,0.4172119498252868,0.4660172164440155,0.1158662140369415,1
4258313537,645478225095,0.0581502504646778,0.4220714271068573,-243.90106201171875,188.2891082763672,61.69458770751953,1,4.7318878173828125,1,-38.96218490600586,9.72858428955078,456.2151184082031,0.6135023236274719,0.4713802933692932,0.1159583777189254,1,0.0707624703645706,0.3711015880107879,-236.93917846679688,203.16082763671875,67.10749816894531,1,4.802032470703125,1,28.304628372192383,11.63175106048584,456.9132995605469,0.4172854721546173,0.4658770859241485,0.1158738434314727,1
4258347101,645478258659,0.0644240528345108,0.4642373025417328,-240.4378967285156,175.9861297607422,57.21670913696289,1,4.743316650390625,1,-39.02446365356445,9.723154067993164,456.6781921386719,0.6135686039924622,0.4714249074459076,0.1168912947177887,1,0.0736859291791915,0.3810915052890777,-235.32537841796875,200.2460021972656,66.04657745361328,1,4.803558349609375,1,28.32453727722168,11.590721130371094,457.3701171875,0.4173099100589752,0.4660303890705108,0.1167857646942138,1
4258363503,645478275060,0.0627807527780532,0.4640054106712341,-241.3450164794922,176.05380249023438,57.24134063720703,1,4.742721557617188,1,-39.02316284179688,9.675240516662598,456.7052307128906,0.6135581135749817,0.4715663492679596,0.1169429346919059,1,0.0731109753251075,0.3783585429191589,-235.6427459716797,201.0434112548828,66.33682250976562,1,4.811538696289063,1,28.33402442932129,11.526339530944824,457.4005432128906,0.4172877669334411,0.4662200808525085,0.1168444231152534,1
4258397022,645478308579,0.0535073466598987,0.4343413412570953,-246.4639434814453,184.70904541015625,60.39157485961914,1,4.764801025390625,1,-39.0080451965332,9.580118179321287,457.1568298339844,0.6134017109870911,0.4718712270259857,0.117836058139801,1,0.0740705206990242,0.3680915832519531,-235.1130828857422,204.03903198242188,67.42710876464844,1,4.827362060546875,1,28.444934844970703,11.438261032104492,457.8524169921875,0.4170466363430023,0.4665094017982483,0.1177554354071617,1
4258413372,645478324929,0.0561970099806785,0.4286269247531891,-244.979232788086,186.37635803222656,60.998416900634766,1,4.757003784179688,1,-38.96609878540039,9.60557746887207,457.1128845214844,0.6132904291152954,0.4717943966388702,0.1177424937486648,1,0.0726581737399101,0.3665780127048492,-235.8927154541016,204.4806671142578,67.58784484863281,1,4.836669921875,1,28.486696243286133,11.463354110717772,457.7947387695313,0.4169147312641144,0.4664321839809418,0.1176467910408973,1
4258446941,645478358498,0.0658932030200958,0.427516371011734,-239.6269378662109,186.7003631591797,61.11637878417969,1,4.763824462890625,1,-38.8416862487793,9.702540397644045,456.2483520507813,0.6131423115730286,0.471458375453949,0.1160029917955398,1,0.0849063545465469,0.3727260231971741,-229.13168334960932,202.68682861328125,66.93494415283203,1,4.778854370117188,1,28.51153564453125,11.54648494720459,456.9717712402344,0.4166931211948395,0.4661298990249634,0.1160119026899337,1
4258463338,645478374895,0.0771770998835563,0.4430126845836639,-233.39825439453125,182.1789703369141,59.4707145690918,1,4.752838134765625,1,-38.79023361206055,9.683881759643556,455.7256164550781,0.6131220459938049,0.4714803993701935,0.1149520277976989,1,0.082486592233181,0.3806198835372925,-230.4674072265625,200.38360595703125,66.09664154052734,1,4.8089141845703125,1,28.479400634765625,11.522896766662598,456.38226318359375,0.4166795313358307,0.4661552906036377,0.1148303225636482,1
4258496861,645478408417,0.0590219721198082,0.419026106595993,-243.4198608398437,189.17762756347656,62.018028259277344,1,4.776763916015625,1,-38.67624282836914,9.601688385009766,455.2845153808594,0.6128984689712524,0.4716934263706207,0.114050418138504,1,0.0803174749016761,0.3794869780540466,-231.66476440429688,200.7141876220703,66.2169189453125,1,4.82293701171875,1,28.50648498535156,11.407266616821287,455.952880859375,0.416522204875946,0.4664613008499145,0.1139710694551467,1
4258513208,645478424764,0.0659827664494514,0.4421564638614654,-239.57752990722656,182.4287872314453,59.561649322509766,1,4.785675048828125,1,-38.67135238647461,9.639322280883787,455.3148498535156,0.6128765940666199,0.4715851843357086,0.1141115725040435,1,0.088177777826786,0.3722884654998779,-227.3258819580078,202.8145294189453,66.98139190673828,1,4.801177978515625,1,28.515684127807617,11.420005798339844,455.9748229980469,0.4164993166923523,0.4664257168769836,0.1140166595578193,1
4258546781,645478458337,0.0894903540611267,0.4394607841968536,-226.601318359375,183.21530151367188,59.84789657592773,1,4.76165771484375,1,-38.676002502441406,9.86298656463623,455.0490417480469,0.6129562854766846,0.4709142446517944,0.1135923489928245,1,0.0789026767015457,0.3817501962184906,-232.4457397460937,200.05381774902344,65.97660827636719,1,4.8322601318359375,1,28.493253707885746,11.634095191955566,455.70843505859375,0.4165161848068237,0.465780645608902,0.1134930402040481,1
4258563174,645478474730,0.0845240503549575,0.4305955171585083,-229.3427276611328,185.80197143554688,60.789363861083984,1,4.752655029296875,1,-38.69064712524414,9.907465934753418,455.07366943359375,0.6129930019378662,0.4707856178283691,0.113645814359188,1,0.0835998505353927,0.3825846016407013,-229.8529052734375,199.81033325195312,65.88799285888672,1,4.8161163330078125,1,28.478723526000977,11.688204765319824,455.7406005859375,0.4165645241737366,0.4656248986721039,0.1135581657290458,1
4258596701,645478508257,0.0724494010210037,0.4265313148498535,-236.0079040527344,186.98779296875,61.2209358215332,1,4.7691650390625,1,-38.78536987304688,10.038056373596191,455.7762145996094,0.6130952835083008,0.4704487919807434,0.115067258477211,1,0.0829273536801338,0.385392963886261,-230.22409057617188,198.990951538086,65.58973693847656,1,4.829635620117188,1,28.45934295654297,11.829094886779783,456.4586486816406,0.4167519807815552,0.4652676284313202,0.11499585211277,1
4258613042,645478524598,0.0693048015236854,0.4306356906890869,-237.74371337890625,185.79025268554688,60.78505706787109,1,4.7737884521484375,1,-38.79047393798828,10.05179500579834,455.68853759765625,0.6131319999694824,0.4704029560089111,0.1148940399289131,1,0.0741882473230362,0.3693309426307678,-235.048080444336,203.67739868164065,67.29546356201172,1,4.846450805664063,1,28.42181396484375,11.847723960876465,456.3615417480469,0.416843831539154,0.4652059376239776,0.114798404276371,1
4258646621,645478558176,0.0798497274518013,0.4424640536308288,-231.92295837402344,182.3390655517578,59.52893829345703,1,4.73931884765625,1,-38.99820709228516,10.25728988647461,455.7939147949219,0.6137126684188843,0.4698093831539154,0.115148440003395,1,0.080915667116642,0.3726068437099457,-231.3345642089844,202.7216033935547,66.94761657714844,1,4.84722900390625,1,28.30219268798828,12.04709529876709,456.493408203125,0.4172167181968689,0.4646343290805816,0.1150571256875991,1
4258663008,645478574563,0.0773752778768539,0.4435300827026367,-233.28887939453125,182.02804565429688,59.41573333740234,1,4.7365264892578125,1,-38.99801635742188,10.308293342590332,455.6278991699219,0.613753616809845,0.469649463891983,0.1148199439048767,1,0.0827872827649116,0.370500773191452,-230.30145263671875,203.33612060546875,67.17127227783203,1,4.831344604492188,1,28.2669677734375,12.108147621154783,456.3187561035156,0.4172879159450531,0.4644427299499511,0.1147074550390243,1
4258696547,645478608102,0.0652789250016212,0.4312768876552582,-239.96603393554688,185.60317993164065,60.71699905395508,1,4.7432403564453125,1,-39.18369674682617,10.43996238708496,455.59368896484375,0.6143049001693726,0.4692623019218445,0.1147895529866218,1,0.0778393074870109,0.3723935782909393,-233.03271484375,202.7838287353516,66.97025299072266,1,4.834442138671875,1,28.104427337646484,12.276639938354492,456.3179321289063,0.4177621006965637,0.4639509618282318,0.1146947667002677,1
4258712878,645478624433,0.074690043926239,0.4436464607715606,-234.7710723876953,181.99403381347656,59.40337753295898,1,4.7621612548828125,1,-39.23403930664063,10.43006420135498,455.6788940429688,0.6144306063652039,0.469296932220459,0.114967405796051,1,0.0826450213789939,0.3729565143585205,-230.37994384765625,202.61959838867188,66.91048431396484,1,4.855316162109375,1,28.04749298095703,12.273880958557127,456.4263916015625,0.4179476797580719,0.463967502117157,0.1149040535092353,1
4258746467,645478658022,0.0768084153532981,0.4578393101692199,-233.6017608642578,177.85293579101562,57.89617919921875,1,4.769332885742188,1,-39.45795440673828,10.441514015197754,455.595458984375,0.6151061058044434,0.4692578911781311,0.1148402690887451,1,0.0842831134796142,0.3694603443145752,-229.47573852539065,203.63966369628903,67.28178405761719,1,4.90380859375,1,27.89012718200684,12.277632713317873,456.3519287109375,0.4183935523033142,0.4639507234096527,0.1147363856434822,1
4258762844,645478674398,0.0866608321666717,0.456479012966156,-228.1632232666016,178.24984741210938,58.04063034057617,1,4.7496185302734375,1,-39.524051666259766,10.475018501281738,455.620361328125,0.6152929663658142,0.4691616594791412,0.1149027720093727,1,0.0893978700041771,0.3677574098110199,-226.6524353027344,204.1365966796875,67.46263885498047,1,4.85888671875,1,27.8441104888916,12.344066619873049,456.38671875,0.4185340106487274,0.4637596011161804,0.1148038357496261,1
4258796387,645478707941,0.0669356510043144,0.4362832903861999,-239.0515289306641,184.14244079589844,60.185333251953125,1,4.7659759521484375,1,-39.72444152832031,10.686965942382812,455.9793701171875,0.6157872080802917,0.4685667753219604,0.1156624779105186,1,0.0791570022702217,0.353057861328125,-232.3053436279297,208.42550659179688,69.02364349365234,1,4.8724212646484375,1,27.7305908203125,12.600496292114258,456.7722778320313,0.4189335107803345,0.4630424380302429,0.1155733615159988,1
4258812714,645478724268,0.0726744458079338,0.4547130763530731,-235.8836975097656,178.76510620117188,58.22814178466797,1,4.7845611572265625,1,-39.76183319091797,10.729957580566406,456.0675964355469,0.6158739328384399,0.4684472680091858,0.1158466786146164,1,0.0810513645410537,0.3509700894355774,-231.25962829589844,209.03466796875,69.24534606933594,1,4.907974243164063,1,27.68965148925781,12.666081428527832,456.8813781738281,0.419072151184082,0.4628600478172302,0.1157897934317588,1
4258846307,645478757861,0.0524608343839645,0.4209082126617431,-247.04161071777344,188.62847900390625,61.81813430786133,1,4.811813354492188,1,-39.90791320800781,10.802826881408691,456.4723510742188,0.6161971688270569,0.4682624936103821,0.1166817024350166,1,0.0802754238247871,0.3745509088039398,-231.6879730224609,202.15435791015625,66.74114990234375,1,4.913742065429688,1,27.61958694458008,12.85641098022461,457.2830810546875,0.4193470776081085,0.4623382687568664,0.1165935695171356,1
4258862680,645478774234,0.0546460077166557,0.419503778219223,-245.8354034423828,189.0382537841797,61.96728515625,1,4.827163696289063,1,-39.9226188659668,10.814924240112305,456.5400390625,0.6162227392196655,0.4682318568229675,0.1168197020888328,1,0.0827692821621894,0.3685571849346161,-230.31138610839844,203.9031982421875,67.37763977050781,1,4.9169464111328125,1,27.59834671020508,12.885804176330566,457.365234375,0.4194233417510986,0.4622594118118286,0.1167565882205963,1
4258896231,645478807784,0.06490358710289,0.4413509368896484,-240.17323303222656,182.66384887695312,59.64715194702149,1,4.820602416992188,1,-40.00473785400391,11.066417694091797,456.8736572265625,0.6163771152496338,0.4675218760967254,0.1175104975700378,1,0.082156553864479,0.3603255450725555,-230.64959716796875,206.3049774169922,68.25184631347656,1,4.9379425048828125,1,27.599573135375977,13.084063529968262,457.69573974609375,0.4194778203964233,0.4617096483707428,0.1174274906516075,1
4258912549,645478824102,0.0823948010802269,0.4586077034473419,-230.51808166503903,177.62875366210938,57.81451797485352,1,4.8125762939453125,1,-39.992431640625,11.134476661682127,456.8912658691406,0.6163367629051208,0.4673247635364532,0.1175467520952224,1,0.0838641673326492,0.3607062101364136,-229.7069854736328,206.1938934326172,68.21142578125,1,4.936370849609375,1,27.65508079528809,13.139558792114258,457.696533203125,0.4193164408206939,0.4615482985973358,0.117438904941082,1
4258946151,645478857704,0.1040892973542213,0.4376759231090545,-218.5426788330078,183.736083984375,60.03743743896485,1,4.785202026367188,1,-39.99051284790039,11.310598373413086,457.4628601074219,0.6161855459213257,0.4668526649475097,0.1186934784054756,1,0.1099131256341934,0.3586705923080444,-215.32797241210932,206.7878570556641,68.42759704589844,1,4.83880615234375,1,27.792707443237305,13.321187019348145,458.2544250488281,0.4190144836902618,0.4610670506954193,0.1185793429613113,1
4258962515,645478874068,0.102119542658329,0.4340279698371887,-219.62998962402344,184.8004608154297,60.4248275756836,1,4.804534912109375,1,-39.968868255615234,11.315943717956545,457.40277099609375,0.6161378026008606,0.4668327867984772,0.1185703128576278,1,0.1049154847860336,0.3617766499519348,-218.0866241455078,205.881576538086,68.09773254394531,1,4.930465698242188,1,27.800945281982425,13.323479652404783,458.1927185058594,0.418979674577713,0.4610551595687866,0.1184573397040367,1
4258996071,645478907624,0.093423031270504,0.4572626948356628,-224.4304656982422,178.0211639404297,57.95737075805664,1,4.76812744140625,1,-39.84304428100586,11.383923530578612,456.0318908691406,0.6161202192306519,0.4665352404117584,0.1158212274312973,1,0.1029090285301208,0.3676146864891052,-219.1942138671875,204.1781768798828,67.4777603149414,1,4.9339752197265625,1,27.776256561279297,13.358142852783203,456.8498840332031,0.4188141524791717,0.4608402848243713,0.1157767325639724,1
4259012385,645478923938,0.0969288423657417,0.4592131972312927,-222.4952850341797,177.4520721435547,57.750247955322266,1,4.789764404296875,1,-39.829959869384766,11.397505760192873,455.8785095214844,0.6161211133003235,0.466484397649765,0.1155141592025756,1,0.1038026288151741,0.3663249909877777,-218.7009735107422,204.5544891357422,67.6147232055664,1,4.933380126953125,1,27.777925491333008,13.37103271484375,456.6601257324219,0.4187756478786468,0.4607864916324615,0.1153990477323532,1
4259045991,645478957543,0.0913222283124923,0.451926052570343,-225.5901031494141,179.5782470703125,58.52410888671875,1,4.795700073242188,1,-39.819969177246094,11.480375289916992,455.478271484375,0.6161941289901733,0.4662128388881683,0.1147193610668182,1,0.0938335284590721,0.3719593286514282,-224.2039031982422,202.91050720214844,67.01637268066406,1,4.9263458251953125,1,27.82368278503418,13.461477279663086,456.2537841796875,0.418569952249527,0.460487812757492,0.114599123597145,1
4259062351,645478973903,0.0953039452433586,0.4590286016464233,-223.3922271728516,177.5059356689453,57.76984024047852,1,4.7966156005859375,1,-39.853271484375,11.511120796203612,455.5227355957031,0.6162801384925842,0.4661262631416321,0.1148153096437454,1,0.0970899760723114,0.370675653219223,-222.4063262939453,203.2850952148437,67.15270233154297,1,4.9382171630859375,1,27.80633354187012,13.485450744628906,456.3086853027344,0.4186303615570068,0.4604225754737854,0.1147079467773437,1
4259095911,645479007463,0.0860441848635673,0.4378237128257751,-228.5036163330078,183.6930084228516,60.02173614501953,1,4.771728515625,1,-39.93222427368164,11.595505714416504,455.1069030761719,0.6166175603866577,0.4658485949039459,0.1140050664544105,1,0.0950987786054611,0.3749240040779114,-223.5054626464844,202.0455322265625,66.70153045654297,1,4.9108734130859375,1,27.707496643066406,13.561264991760254,455.9040222167969,0.418846994638443,0.4601662158966064,0.1138930022716522,1
4259145831,645479057383,0.0666696429252624,0.4341884851455688,-239.1983642578125,184.753662109375,60.407806396484375,1,4.7654876708984375,1,-40.04617691040039,11.777457237243652,454.7350463867188,0.6170468330383301,0.4652880132198334,0.1132937595248222,1,0.0922175645828247,0.3686449229717254,-225.09591674804688,203.8776092529297,67.36837005615234,1,4.941421508789063,1,27.55691909790039,13.762847900390623,455.5655517578125,0.4192270338535309,0.4595475196838379,0.1132114231586456,1
4259162185,645479073736,0.0790635868906974,0.4565801620483398,-232.35690307617188,178.22035217285156,58.02989196777344,1,4.7760162353515625,1,-40.08631134033203,11.810389518737791,454.55560302734375,0.6172106862068176,0.4651779234409332,0.1129450649023056,1,0.0935518071055412,0.3691734671592712,-224.3594207763672,203.7234039306641,67.312255859375,1,4.9464874267578125,1,27.511228561401367,13.814263343811035,455.3518981933594,0.4193228483200073,0.4593783318996429,0.1127826571464538,1
4259195751,645479107302,0.0789680704474449,0.4253017604351043,-232.4096221923828,187.34657287597656,61.35155487060547,1,4.718719482421875,1,-40.123905181884766,11.919297218322754,453.4077453613281,0.6176183819770813,0.4647704660892486,0.1106713265180587,1,0.0967240706086158,0.3739231526851654,-222.60829162597656,202.33755493164065,66.80778503417969,1,4.9293975830078125,1,27.359718322753903,13.919681549072266,454.2958679199219,0.4195799529552459,0.4589753746986389,0.1106635779142379,1
4259245671,645479157222,0.0963862091302871,0.4566855132579803,-222.7948303222656,178.1895751953125,58.018680572509766,1,4.7633056640625,1,-40.23427581787109,12.131265640258787,453.2052001953125,0.6179953217506409,0.4641320407390594,0.1102987080812454,1,0.095012679696083,0.3722817003726959,-223.5529937744141,202.8164520263672,66.98213195800781,1,4.8848876953125,1,27.264345169067383,14.169382095336914,454.0485229492188,0.4198159575462341,0.4582208395004272,0.1101740077137947,1
4259262021,645479173572,0.1016288325190544,0.4596268832683563,-219.90089416503903,177.33135986328125,57.7063102722168,1,4.7540283203125,1,-40.26760482788086,12.187539100646973,453.3110046386719,0.6180657148361206,0.463975042104721,0.1105182468891143,1,0.0965749993920326,0.3704953491687774,-222.69058227539065,203.33767700195312,67.17182922363281,1,4.9080810546875,1,27.23882293701172,14.22645092010498,454.1719665527344,0.4199125170707702,0.4580648243427276,0.1104208379983902,1
4259295591,645479207141,0.08316320925951,0.4083386659622192,-230.09393310546875,192.29595947265625,63.15299606323242,1,4.714599609375,1,-40.39768600463867,12.393632888793944,453.8529052734375,0.6183061003684998,0.4634130895137787,0.1116315945982933,1,0.0981623157858848,0.3822904527187347,-221.81442260742188,199.89620971679688,65.91922760009766,1,4.9343109130859375,1,27.17414665222168,14.484238624572754,454.7314147949219,0.4202001988887787,0.4573612213134765,0.1115457117557525,1
4259345511,645479257061,0.0936229974031448,0.4591210782527923,-224.32009887695312,177.47894287109375,57.76002502441406,1,4.787689208984375,1,-40.48443984985352,12.52971363067627,453.7632141113281,0.6185840964317322,0.4630065262317657,0.1114757657051086,1,0.107453316450119,0.3720026314258575,-216.685775756836,202.8979034423828,67.01177215576172,1,4.942657470703125,1,27.09121894836425,14.603537559509276,454.6376037597656,0.4204266369342804,0.4570030570030212,0.1113562658429145,1
4259361857,645479273407,0.0944865867495536,0.4518605470657348,-223.8433990478516,179.59739685058594,58.53107833862305,1,4.77008056640625,1,-40.50094604492188,12.537726402282717,453.7365112304688,0.6186395883560181,0.4629808664321899,0.1114260256290435,1,0.1021420732140541,0.3688388168811798,-219.61756896972656,203.82101440429688,67.3477554321289,1,4.946319580078125,1,27.086078643798828,14.611600875854492,454.6114807128906,0.4204371273517608,0.456976979970932,0.1113040149211883,1
4259395431,645479306981,0.0952562019228935,0.446245402097702,-223.41856384277344,181.2357482910156,59.12735748291016,1,4.769317626953125,1,-40.52378082275391,12.555974960327148,453.65087890625,0.6187289953231812,0.4629203677177429,0.1112605556845665,1,0.1005810126662254,0.3735767006874084,-220.47927856445312,202.43862915039065,66.8446273803711,1,4.9339141845703125,1,27.09604835510254,14.64889144897461,454.5255737304688,0.4203929305076599,0.4568596482276916,0.1111362278461456,1
4259411726,645479323275,0.0845143944025039,0.4273886680603027,-229.3480682373047,186.73768615722656,61.12988662719727,1,4.7791290283203125,1,-40.50615310668945,12.54449462890625,453.6650695800781,0.6186736226081848,0.4629552066326141,0.1112850308418273,1,0.1044561341404914,0.3736434280872345,-218.3402099609375,202.419174194336,66.83753967285156,1,4.974212646484375,1,27.089326858520508,14.653297424316406,454.5625915527344,0.4204190969467163,0.4568502008914947,0.1112095341086387,1
4259445351,645479356900,0.0945894122123718,0.4499092996120453,-223.78663635253903,180.16668701171875,58.7382698059082,1,4.8227386474609375,1,-40.49005508422852,12.597712516784668,453.6789855957031,0.6186227202415466,0.4628001153469085,0.1113128066062927,1,0.1019770577549934,0.3731556534767151,-219.70867919921875,202.5614776611328,66.88932800292969,1,4.984146118164063,1,27.14135932922364,14.665081977844238,454.5665283203125,0.4202673733234405,0.4568160772323608,0.1112243682146072,1
4259495271,645479406820,0.07566899061203,0.4120644629001617,-234.2307281494141,191.2088928222656,62.75730895996094,1,4.8662872314453125,1,-40.37305068969727,12.534645080566406,452.9773254394531,0.6184628009796143,0.4629282355308532,0.1098913550376892,1,0.0982335284352302,0.3710208833217621,-221.7751007080078,203.1843719482422,67.11603546142578,1,4.99755859375,1,27.15009498596192,14.633054733276367,453.8681335449219,0.4201193749904632,0.4568439424037933,0.1098297089338302,1
4259511658,645479423207,0.0931111946702003,0.4403321743011474,-224.6026153564453,182.9610748291016,59.75534057617188,1,4.8556060791015625,1,-40.37098693847656,12.55600357055664,452.8851318359375,0.618480920791626,0.4628579318523407,0.1097085550427436,1,0.1030940860509872,0.3716544210910797,-219.09207153320312,202.99951171875,67.04874420166016,1,4.994720458984375,1,27.148447036743164,14.645323753356934,453.7456359863281,0.4201027154922485,0.4567963480949402,0.1095858737826347,1
4259545191,645479456739,0.0943242013454437,0.4415301978588104,-223.9330596923828,182.61151123046875,59.62815475463867,1,4.8250885009765625,1,-40.2926139831543,12.658538818359377,452.52349853515625,0.6183451414108276,0.4625267088413238,0.1089802235364914,1,0.0990744307637214,0.368777334690094,-221.31092834472656,203.8389587402344,67.35428619384766,1,4.9853057861328125,1,27.19998359680176,14.709582328796388,453.3728942871094,0.4198858439922333,0.4565722644329071,0.1088524758815765,1
4259595111,645479506659,0.064640462398529,0.4345542788505554,-240.3184509277344,184.6468811035156,60.36894607543945,1,4.866867065429688,1,-40.07295608520508,12.72449779510498,452.4886779785156,0.6177078485488892,0.4623297452926636,0.1088756695389747,1,0.1005440950393676,0.3702374696731567,-220.49966430664065,203.4129180908203,67.19922637939453,1,4.9602813720703125,1,27.299558639526367,14.794915199279783,453.32330322265625,0.4195846021175384,0.4563168585300445,0.1087709963321685,1
4259611396,645479522944,0.0734094679355621,0.4479030668735504,-235.4779815673828,180.75205993652344,58.95134735107422,1,4.8406524658203125,1,-40.08305740356445,12.757845878601074,452.51416015625,0.6177309155464172,0.4622337222099304,0.108930118381977,1,0.1047187894582748,0.3743114769458771,-218.1952209472656,202.22422790527344,66.76654815673828,1,4.9837799072265625,1,27.30841827392578,14.822629928588867,453.34954833984375,0.4195632040500641,0.4562379717826843,0.1088261753320694,1
4259645031,645479556579,0.087190069258213,0.4358204007148742,-227.8710784912109,184.2774810791016,60.2345085144043,1,4.7909698486328125,1,-39.98191833496094,12.89188003540039,452.1363220214844,0.6175315976142883,0.4618075788021087,0.1081673577427864,1,0.1025372371077537,0.3709281682968139,-219.3994598388672,203.21139526367188,67.1258544921875,1,4.993255615234375,1,27.36979484558105,14.905025482177734,452.988037109375,0.4193187654018402,0.4559610486030578,0.1081176772713661,1
4259694951,645479606498,0.1080117523670196,0.4846674799919128,-216.3775177001953,170.02517700195312,55.04705810546875,1,4.758453369140625,1,-39.98711395263672,12.916963577270508,451.6197509765625,0.617681622505188,0.4616901874542236,0.1071410551667213,1,0.1052728816866874,0.3734772801399231,-217.889404296875,202.4676513671875,66.85516357421875,1,4.9551849365234375,1,27.28974151611328,14.908363342285156,452.4586791992188,0.4194602370262146,0.4558999538421631,0.1070520654320716,1
4259711328,645479622875,0.1098516434431076,0.4883482754230499,-215.3618927001953,168.95120239257812,54.65616607666016,1,4.774826049804688,1,-40.01296615600586,12.906732559204102,451.5762023925781,0.617769181728363,0.4617166817188263,0.1070582866668701,1,0.1002471223473548,0.3660885393619537,-220.66360473632807,204.6234741210937,67.63983154296875,1,4.96673583984375,1,27.235151290893555,14.909871101379396,452.4201965332031,0.4196140766143799,0.4558917582035064,0.1069687530398368,1
4259744871,645479656418,0.0712677463889122,0.433261513710022,-236.6602020263672,185.0240936279297,60.50624847412109,1,4.8018798828125,1,-40.02095413208008,12.918965339660645,451.824951171875,0.6177277565002441,0.4617015719413757,0.1075557246804237,1,0.0970878079533577,0.3758325278759002,-222.40750122070312,201.78042602539065,66.60502624511719,1,4.929656982421875,1,27.1782169342041,14.992834091186523,452.6663208007813,0.4198251664638519,0.4556715786457062,0.1074584946036338,1
4259761198,645479672745,0.0632168725132942,0.4308098554611206,-241.10430908203125,185.73944091796875,60.76659393310547,1,4.7997589111328125,1,-40.030906677246094,12.912508964538574,451.8615112304688,0.6177476048469543,0.4617237150669098,0.1076299473643302,1,0.1003371477127075,0.3759198188781738,-220.6138916015625,201.75498962402344,66.59576416015625,1,4.9197845458984375,1,27.161602020263672,14.986830711364746,452.7147216796875,0.419882595539093,0.4556939601898193,0.1075527369976043,1
4259794791,645479706338,0.0690035074949264,0.4414719939231872,-237.9100799560547,182.6285400390625,59.63433456420898,1,4.797897338867188,1,-40.13529586791992,12.784873008728027,452.1236572265625,0.6179866194725037,0.4621216952800751,0.1081632077693939,1,0.0901888757944107,0.3746707737445831,-226.2157592773437,202.11941528320312,66.72842407226562,1,4.911300659179688,1,27.128314971923828,14.918517112731934,452.9786987304688,0.4200269877910614,0.4559204578399658,0.1080709844827652,1
4259811164,645479722710,0.0780494511127471,0.4567390978336334,-232.9166717529297,178.17393493652344,58.01299285888672,1,4.795501708984375,1,-40.16161346435547,12.783453941345217,452.24163818359375,0.6180332899093628,0.4621357023715973,0.108402706682682,1,0.087731160223484,0.3719532191753387,-227.5724029541016,202.9123077392578,67.01701354980469,1,4.912612915039063,1,27.12208747863769,14.901631355285645,453.10205078125,0.4200669825077057,0.4559820294380188,0.1083152443170547,1
4259844711,645479756257,0.0730793923139572,0.4361037313938141,-235.6601409912109,184.19479370117188,60.204402923583984,1,4.781524658203125,1,-40.25809097290039,12.733702659606934,452.8357238769531,0.6181618571281433,0.4623313844203949,0.1096000373363494,1,0.0944274589419364,0.3662164807319641,-223.87608337402344,204.58621215820312,67.62625122070312,1,4.9219818115234375,1,27.118207931518555,14.865522384643556,453.6871032714844,0.4201811850070953,0.4561444818973541,0.1094797328114509,1
4259861034,645479772580,0.0707203969359397,0.423630028963089,-236.9623107910156,187.83428955078125,61.52907943725586,1,4.7967376708984375,1,-40.262813568115234,12.705202102661133,452.9867858886719,0.6181362867355347,0.4624276161193847,0.1099000871181488,1,0.0930642634630203,0.372391939163208,-224.62852478027344,202.7843017578125,66.97042083740234,1,4.914077758789063,1,27.12393379211425,14.857099533081056,453.8668212890625,0.4201959073543548,0.456186443567276,0.1098385006189346,1
4259894631,645479806177,0.0674717351794242,0.4264636635780334,-238.75558471679688,187.00753784179688,61.22813415527344,1,4.76873779296875,1,-40.2082405090332,12.514688491821287,452.8646240234375,0.6180077195167542,0.4629777669906616,0.1096366569399833,1,0.0924221202731132,0.3641029298305511,-224.9829864501953,205.2028350830078,67.8506851196289,1,4.8966064453125,1,27.133983612060547,14.69168186187744,453.7456359863281,0.4201451539993286,0.4566603004932403,0.1095871552824974,1
4259911000,645479822546,0.0644153654575347,0.4351609349250793,-240.4427032470703,184.4698944091797,60.30451583862305,1,4.75946044921875,1,-40.19096374511719,12.49443244934082,452.8469848632813,0.617961585521698,0.46303591132164,0.1095972880721092,1,0.0890059694647789,0.3591844141483307,-226.86871337890625,206.6379547119141,68.37303161621094,1,4.910568237304688,1,27.144824981689453,14.657452583312988,453.7182312011719,0.4201085269451141,0.4567581415176391,0.1095315515995025,1
4259944551,645479856096,0.0668146610260009,0.4295088648796081,-239.1183013916016,186.11903381347656,60.90475845336914,1,4.7611846923828125,1,-40.103851318359375,12.463006019592283,452.9682922363281,0.6176737546920776,0.4631381332874298,0.1098217740654945,1,0.0917149558663368,0.3753545582294464,-225.37335205078125,201.91989135742188,66.65579986572266,1,4.898651123046875,1,27.238126754760746,14.625894546508787,453.81842041015625,0.4198523461818695,0.4568602442741394,0.109740599989891,1
4259994471,645479906016,0.0864435657858848,0.4584413170814514,-228.28317260742188,177.6772918701172,57.83222961425781,1,4.756393432617188,1,-39.938941955566406,12.47991180419922,452.7608642578125,0.6172427535057068,0.4630716145038605,0.10938061773777,1,0.1012945473194122,0.3442677855491638,-220.0854034423828,210.9901885986328,69.9571533203125,1,4.871505737304688,1,27.34042930603028,14.56056785583496,453.5776977539063,0.4195095896720886,0.4570292532444,0.1092683747410774,1
4260010835,645479922380,0.0687939524650573,0.4305228590965271,-238.0257568359375,185.8231811523437,60.79710388183594,1,4.7621002197265625,1,-39.88720703125,12.42611026763916,452.7508239746094,0.6170932054519653,0.4632290303707123,0.1093485727906227,1,0.0969113186001777,0.3510806262493133,-222.50494384765625,209.00241088867188,69.23365020751953,1,4.8939056396484375,1,27.360252380371094,14.51503562927246,453.578125,0.4194514751434326,0.4571629762649536,0.1092686802148819,1
4260044391,645479955936,0.0826672315597534,0.4357282221317291,-230.36770629882807,184.30438232421875,60.24427795410156,1,4.7097015380859375,1,-39.81836700439453,12.354044914245604,452.52728271484375,0.6169486045837402,0.4634230434894562,0.1088873893022537,1,0.0897843241691589,0.3401897549629211,-226.4390563964844,212.1800842285156,70.39022064208984,1,4.88494873046875,1,27.435466766357425,14.366235733032228,453.3418273925781,0.4191886484622955,0.4575778543949127,0.1087968125939369,1
4260060705,645479972250,0.0894594639539718,0.4498506784439087,-226.6183624267578,180.1837921142578,58.744510650634766,1,4.720672607421875,1,-39.79743957519531,12.359965324401855,452.53607177734375,0.616884708404541,0.4634063243865967,0.1089015528559684,1,0.0924459621310234,0.3464468419551849,-224.9698181152344,210.3544158935547,69.72572326660156,1,4.9103851318359375,1,27.437820434570312,14.368794441223145,453.3456726074219,0.4191824197769165,0.4575707018375397,0.1088049337267875,1
4260094311,645480005855,0.0978821441531181,0.4369730353355407,-221.96905517578125,183.94119262695312,60.112098693847656,1,4.757614135742188,1,-39.61604309082031,12.354851722717283,452.5570373535156,0.6163455247879028,0.4634230434894562,0.1089113131165504,1,0.1114848479628562,0.358924925327301,-214.4603576660156,206.7136688232422,68.40058898925781,1,4.94757080078125,1,27.58215713500977,14.363747596740724,453.3315734863281,0.4187559485435486,0.4575842320919037,0.1087939441204071,1
4260110671,645480022215,0.1007817462086677,0.4369787573814392,-220.3684844970703,183.93951416015625,60.11149597167969,1,4.761505126953125,1,-39.56366729736328,12.3474760055542,452.6173706054688,0.6161759495735168,0.463449627161026,0.1090219095349311,1,0.1179647892713546,0.3607589900493622,-210.88345336914065,206.17852783203125,68.20582580566406,1,4.922821044921875,1,27.63235664367676,14.373046875,453.3893127441406,0.4186188280582428,0.4575622677803039,0.1089158356189727,1
4260144231,645480055775,0.1045123264193534,0.4331159591674804,-218.3092041015625,185.0666046142578,60.52172470092773,1,4.742156982421875,1,-39.488128662109375,12.208829879760742,452.2548828125,0.6160467863082886,0.4638287127017975,0.1082793548703193,1,0.115981288254261,0.3677063584327698,-211.9783477783203,204.1514434814453,67.46800994873047,1,4.909713745117188,1,27.657007217407227,14.24849796295166,453.0422058105469,0.4184841811656952,0.4578959941864013,0.1082183867692947,1
4260194151,645480105695,0.1107034236192703,0.4569520950317383,-214.8917236328125,178.11181640625,57.99039077758789,1,4.77984619140625,1,-39.45137786865234,12.206663131713867,451.8243408203125,0.6160492897033691,0.4638008773326874,0.1074153408408165,1,0.1183515936136245,0.3713971972465515,-210.669921875,203.07455444335932,67.07608032226562,1,4.8754425048828125,1,27.64903259277344,14.193915367126465,452.5818786621094,0.4184249639511108,0.4580140113830566,0.1072955355048179,1
4260210505,645480122048,0.1018792688846588,0.4331803917884826,-219.7626342773437,185.0477752685547,60.51486206054688,1,4.765625,1,-39.448272705078125,12.220091819763184,451.8443298339844,0.616034984588623,0.463762879371643,0.1074553206562995,1,0.1223260909318924,0.3712811470031738,-208.4759979248047,203.10841369628903,67.08839416503906,1,4.896484375,1,27.62208366394043,14.217785835266112,452.620849609375,0.4185112416744232,0.4579473733901977,0.1073715239763259,1
4260244071,645480155614,0.0997553020715713,0.439838171005249,-220.9350433349609,183.105209350586,59.80780029296875,1,4.756927490234375,1,-39.5012092590332,12.20038604736328,451.8267822265625,0.6161954998970032,0.4638195633888244,0.107428528368473,1,0.1301591545343399,0.3649713695049286,-204.15213012695312,204.94943237304688,67.75847625732422,1,4.8609619140625,1,27.571653366088867,14.199607849121094,452.5968627929688,0.4186553359031677,0.457998663187027,0.1073163449764251,1
4260260375,645480171918,0.093600682914257,0.4468252062797546,-224.3324279785156,181.06661987304688,59.0658073425293,1,4.760223388671875,1,-39.50291442871094,12.176645278930664,451.9358215332031,0.6161724925041199,0.4638981819152832,0.1076447144150734,1,0.1279696375131607,0.3636964857578277,-205.36073303222656,205.3214111328125,67.89385223388672,1,4.892623901367188,1,27.556861877441406,14.18557071685791,452.7255859375,0.4187219142913818,0.4580518007278442,0.1075704991817474,1
4260293991,645480205534,0.0977196842432022,0.4316006004810333,-222.0587158203125,185.5086975097656,60.68263244628906,1,4.774658203125,1,-39.60421752929688,12.061659812927246,451.9919738769531,0.6164564490318298,0.4642414152622223,0.1077681258320808,1,0.1318188309669494,0.3956505954265594,-203.2360076904297,195.998046875,64.50041198730469,1,4.8734130859375,1,27.493213653564453,14.148467063903809,452.78515625,0.4189197421073913,0.4581663906574249,0.1076793223619461,1
4260343911,645480255453,0.101984217762947,0.4581616222858429,-219.70469665527344,177.75889587402344,57.8619270324707,1,4.738693237304688,1,-39.63253402709961,12.077969551086426,451.4536437988281,0.6166791319847107,0.4641509354114532,0.1067017242312431,1,0.1282454580068588,0.3879193961620331,-205.20851135253903,198.25379943847656,65.32142639160156,1,4.831710815429688,1,27.38553047180176,14.13320541381836,452.2516479492188,0.4191414415836334,0.458162248134613,0.1066008284687995,1
4260393831,645480305373,0.094149112701416,0.4503197371959686,-224.0297088623047,180.0469512939453,58.69471740722656,1,4.6964111328125,1,-39.77008819580078,11.985067367553713,451.781982421875,0.616999626159668,0.4644506871700287,0.107374757528305,1,0.1106371283531189,0.3684562444686889,-214.9283142089844,203.9326019287109,67.38835144042969,1,4.8643951416015625,1,27.31487274169922,14.037715911865234,452.6061096191406,0.4194124639034271,0.4584758281707763,0.1072937026619911,1
4260410177,645480321719,0.1019626930356025,0.455472856760025,-219.7165985107422,178.54339599609375,58.1474609375,1,4.7216796875,1,-39.780757904052734,11.947072982788086,451.7734680175781,0.6170333027839661,0.4645619392395019,0.1073577255010604,1,0.11168172955513,0.3721990287303924,-214.3516998291016,202.840560913086,66.99089050292969,1,4.8541259765625,1,27.299455642700195,14.018035888671877,452.591796875,0.4194552898406982,0.4585323929786682,0.107262022793293,1
4260443751,645480355293,0.1039268001914024,0.466265320777893,-218.6324005126953,175.39442443847656,57.00131607055664,1,4.7386016845703125,1,-39.808048248291016,11.894811630249023,451.8855590820313,0.6170845627784729,0.4647247195243835,0.1075830087065696,1,0.1125229001045227,0.3741263449192047,-213.88735961914065,202.2782745361328,66.78623962402344,1,4.867218017578125,1,27.2828369140625,13.988652229309082,452.7032470703125,0.4195239543914795,0.4586290121078491,0.1074806526303291,1
4260493671,645480405212,0.0875999853014946,0.4679356515407562,-227.64480590820312,174.90707397460938,56.823917388916016,1,4.738128662109375,1,-39.8179931640625,11.890824317932127,452.4951171875,0.6169557571411133,0.464783638715744,0.1087985262274742,1,0.1092317402362823,0.378863126039505,-215.7040557861328,200.8961944580078,66.28318786621094,1,4.858566284179688,1,27.35638236999512,14.004611015319824,453.3054809570313,0.4194145202636719,0.4586367607116699,0.1086921393871307,1
4260510012,645480421553,0.0937493294477462,0.4685104191303253,-224.25033569335932,174.73936462402344,56.76287078857422,1,4.763931274414063,1,-39.79278945922852,11.854087829589844,452.4898681640625,0.6168829798698425,0.4648913741111755,0.1087817400693893,1,0.1100208908319473,0.381056934595108,-215.26844787597656,200.256088256836,66.05020141601562,1,4.89385986328125,1,27.360715866088867,13.984430313110352,453.3011169433594,0.4194010198116302,0.458695650100708,0.1086827367544174,1
4260543591,645480455132,0.0891210362315177,0.4349644780158996,-226.80520629882807,184.52723693847656,60.32540512084961,1,4.7670440673828125,1,-39.68047332763672,11.779388427734377,452.5208435058594,0.6165444254875183,0.4651135504245758,0.1088198870420456,1,0.1060459241271019,0.3660199046134949,-217.462646484375,204.6434936523437,67.64710235595703,1,4.882110595703125,1,27.499412536621094,13.87399959564209,453.3131103515625,0.4189957082271576,0.4590211510658264,0.1087166145443916,1
4260559978,645480471519,0.0955564752221107,0.4467402696609497,-223.25282287597656,181.09136962890625,59.074851989746094,1,4.7833251953125,1,-39.64818572998047,11.788507461547852,452.6799011230469,0.6164084672927856,0.4650989472866058,0.1091315299272537,1,0.1102500259876251,0.3743835985660553,-215.1419982910156,202.20318603515625,66.75892639160156,1,4.9027252197265625,1,27.535757064819336,13.873915672302246,453.48681640625,0.418919950723648,0.4590370059013366,0.1090676262974739,1
4260593507,645480505047,0.0913007482886314,0.4663872718811035,-225.6019744873047,175.35882568359375,56.98838806152344,1,4.78289794921875,1,-39.48188400268555,11.889402389526367,453.0928039550781,0.6158134341239929,0.4648340046405792,0.1099302396178245,1,0.1139281615614891,0.3741427063941955,-213.11166381835932,202.27346801757807,66.7845230102539,1,4.929443359375,1,27.732152938842773,13.89406394958496,453.8564758300781,0.4184095561504364,0.4590110778808594,0.1098303869366645,1
4260609848,645480521388,0.0884507074952125,0.4525637328624725,-227.1752014160156,179.39219665527344,58.45642852783203,1,4.768280029296875,1,-39.44149017333984,11.895618438720703,453.0597839355469,0.6157031655311584,0.4648131728172302,0.1098577901721,1,0.1107664555311203,0.3698223233222961,-214.8569183349609,203.53402709960932,67.2433090209961,1,4.9290618896484375,1,27.78284454345703,13.875619888305664,453.8126831054688,0.418252944946289,0.4590612649917602,0.1097480505704879,1
4260643431,645480554971,0.0707966685295105,0.4201715588569641,-236.92025756835932,188.84344482421875,61.89637756347656,1,4.8008575439453125,1,-39.19889068603516,11.748119354248049,452.328369140625,0.6151763796806335,0.4651908874511719,0.108351320028305,1,0.103296659886837,0.3639343380928039,-218.980224609375,205.2520446777344,67.86859893798828,1,4.957275390625,1,27.86182403564453,13.78037452697754,453.1003112792969,0.4178926646709442,0.4592771828174591,0.1083305031061172,1
4260659814,645480571354,0.0859176144003868,0.4443337023258209,-228.573471069336,181.7935333251953,59.33042526245117,1,4.79119873046875,1,-39.17668914794922,11.760531425476074,452.3195190429688,0.6151132583618164,0.4651536643505096,0.1083305031061172,1,0.1077291369438171,0.3652220964431762,-216.5335235595703,204.87631225585932,67.73184204101562,1,4.9212188720703125,1,27.83204460144043,13.777583122253418,453.0001831054688,0.4179621040821075,0.459276407957077,0.1081268936395645,1
4260693347,645480604887,0.0842135101556778,0.4386608004570007,-229.5141448974609,183.44873046875,59.932861328125,1,4.8001556396484375,1,-39.07559585571289,11.830862045288086,452.9479064941406,0.6146560907363892,0.4649949073791504,0.1095684170722961,1,0.1038778200745582,0.3626345098018646,-218.6594390869141,205.6312713623047,68.00664520263672,1,4.959228515625,1,28.060609817504883,13.76801300048828,453.6665344238281,0.4174113571643829,0.4593639969825744,0.1094840094447135,1
4260709682,645480621222,0.0855297446250915,0.4396740198135376,-228.78759765625,183.1530914306641,59.82527542114258,1,4.797943115234375,1,-39.0451545715332,11.85212516784668,452.9947814941406,0.6145547032356262,0.4649360179901123,0.1096576526761055,1,0.1042222827672958,0.3646094501018524,-218.4693145751953,205.0550537109375,67.79692077636719,1,4.9683837890625,1,28.106374740600582,13.79025936126709,453.7185974121094,0.4172865152359009,0.4593033492565155,0.109594851732254,1
4260743267,645480654806,0.0868953987956047,0.4591076672077179,-228.03375244140625,177.48284912109375,57.76145935058594,1,4.7996978759765625,1,-38.931861877441406,11.889036178588867,452.9353637695313,0.6142366528511047,0.464822918176651,0.1095217913389206,1,0.1108174920082092,0.3691376447677612,-214.8287506103516,203.7338409423828,67.31602478027344,1,4.9623870849609375,1,28.19969940185547,13.786572456359863,453.6434020996094,0.4169988930225372,0.4593074321746826,0.1094561740756034,1
4260759648,645480671188,0.0898989960551261,0.4609635472297668,-226.37576293945312,176.94137573242188,57.56437683105469,1,4.796417236328125,1,-38.900123596191406,11.880615234375,452.9164733886719,0.6141481399536133,0.4648462533950805,0.1094783321022987,1,0.1148163378238678,0.3702972829341888,-212.6214141845703,203.3955078125,67.19286346435547,1,4.916275024414063,1,28.20358085632324,13.780136108398438,453.5771179199219,0.4169754087924957,0.459320455789566,0.1093239709734916,1
4260793187,645480704727,0.0887171775102615,0.4317962825298309,-227.02810668945312,185.4516448974609,60.66181945800781,1,4.83062744140625,1,-38.8117790222168,11.801925659179688,452.9714965820313,0.6138745546340942,0.4650817811489105,0.1095687225461006,1,0.1062523499131202,0.3747911155223846,-217.3487091064453,202.08432006835932,66.71563720703125,1,4.931854248046875,1,28.322572708129883,13.7579927444458,453.6446533203125,0.416638433933258,0.4593914449214935,0.1094722300767898,1
4260843111,645480754651,0.0856773778796196,0.4409809112548828,-228.70608520507807,182.77178955078125,59.686466217041016,1,4.81781005859375,1,-38.7489128112793,11.791215896606444,453.102294921875,0.6136568188667297,0.4651233255863189,0.1098179966211319,1,0.1015227064490318,0.3702952861785888,-219.9594573974609,203.39602661132807,67.19306182861328,1,4.9463958740234375,1,28.398895263671875,13.722688674926758,453.769287109375,0.4164372980594635,0.4595061838626861,0.1097282692790031,1
4260859484,645480771023,0.0875576585531234,0.4508795440196991,-227.6681671142578,179.8836212158203,58.63525390625,1,4.824966430664063,1,-38.7313232421875,11.767373085021973,453.163818359375,0.6135897040367126,0.4651980698108673,0.1099363416433334,1,0.109753742814064,0.3745231628417969,-215.4159545898437,202.16249084472656,66.74409484863281,1,4.911880493164063,1,28.41830062866211,13.68824577331543,453.8358459472656,0.4163925647735595,0.4596131443977356,0.1098613888025283,1
4260893027,645480804566,0.1032798364758491,0.5062459707260132,-218.98953247070312,163.7291259765625,52.75547790527344,1,4.7758636474609375,1,-38.471927642822266,11.313420295715332,452.4702758789063,0.613000750541687,0.4664810597896576,0.1084876134991645,1,0.1220841184258461,0.4465658068656921,-208.60955810546875,181.14224243164065,59.093387603759766,1,4.871429443359375,1,28.546863555908203,13.197214126586914,453.1143798828125,0.4158819615840912,0.4609922170639038,0.1084089949727058,1
4260909354,645480820893,0.0918616279959678,0.557549238204956,-225.2923889160156,148.76014709472656,47.30723190307617,1,4.7740478515625,1,-38.23497772216797,11.006221771240234,452.3771667480469,0.6123265624046326,0.4673784971237182,0.1082469448447227,1,0.1363621056079864,0.5117078423500061,-200.7281036376953,162.1354522705078,52.17546844482422,1,4.868911743164063,1,28.614540100097656,12.871085166931152,452.76458740234375,0.4156181216239929,0.4619214832782745,0.1077009290456771,1
4260942947,645480854486,0.0987702310085296,1.0817285776138306,-221.4788360595703,-4.182144165039063,-8.359188079833984,1,4.598556518554688,1,-37.14640426635742,9.323328971862791,450.6175231933594,0.6095491647720337,0.4722251296043396,0.1044842526316642,1,0.1049332693219184,1.07354474067688,-218.0768280029297,-1.7943028211593628,-7.490085601806641,1,4.7054595947265625,1,29.10116195678711,10.93545150756836,451.3918762207031,0.4139266312122345,0.467516541481018,0.104922242462635,1
4260992853,645480904391,0.1087496057152748,1.1527109146118164,-215.97023010253903,-24.892961502075195,-15.897321701049805,1,4.565444946289063,1,-36.78105163574219,8.727231979370117,449.6396484375,0.6087058782577515,0.4739305675029754,0.1024518460035324,1,0.1118840277194976,1.1384981870651243,-214.239974975586,-20.746076583862305,-14.3879976272583,1,4.6774749755859375,1,29.50698471069336,10.166147232055664,450.2548828125,0.4125096201896667,0.4697103202342987,0.1026703491806984,1
4261009286,645480920824,0.1153016909956932,1.1470637321472168,-212.35348510742188,-23.245258331298828,-15.29758644104004,1,4.553070068359375,1,-36.62670516967773,8.654779434204102,448.5105285644531,0.6085218787193298,0.4740806519985199,0.1001735851168632,1,0.107620783150196,1.1293249130249023,-216.5933380126953,-18.06951141357422,-13.413808822631836,1,4.655853271484375,1,29.544965744018555,10.047669410705566,449.020263671875,0.4121570289134979,0.4699790477752685,0.1002067849040031,1
4261042768,645480954306,0.1241286918520927,1.1165540218353271,-207.48098754882807,-14.343260765075684,-12.057554244995115,1,4.4923095703125,1,-35.84390640258789,8.461729049682617,443.5739440917969,0.6073821187019348,0.4743742346763611,0.0902004390954971,1,0.11370450258255,1.144040584564209,-213.23513793945312,-22.363216400146484,-14.976569175720217,1,4.5721282958984375,1,29.657514572143555,9.80502986907959,444.2703552246094,0.4108828902244568,0.4703876972198486,0.0907341912388801,1
4261059155,645480970693,0.1213237941265106,1.1124746799468994,-209.02926635742188,-13.152990341186523,-11.624322891235352,1,4.485519409179688,1,-35.7085075378418,8.45655345916748,443.02197265625,0.6071091890335083,0.4743581414222717,0.0890783667564392,1,0.1140554770827293,1.1468889713287354,-213.0413818359375,-23.19421768188477,-15.279029846191406,1,4.572265625,1,29.74595642089844,9.768529891967772,443.44091796875,0.4104510545730591,0.4704423546791076,0.0890896618366241,1
4261092684,645481004222,0.1243317201733589,1.1244308948516846,-207.368881225586,-16.641551971435547,-12.894050598144531,1,4.4361419677734375,1,-35.05484390258789,8.420672416687012,441.0587463378906,0.6056134104728699,0.4743533134460449,0.0850594490766525,1,0.1188690513372421,1.1456772089004517,-210.38429260253903,-22.8406925201416,-15.150321006774902,1,4.514617919921875,1,30.09882354736328,9.602620124816896,441.5216674804688,0.4089985191822052,0.4708152115345001,0.0853011459112167,1
4261109121,645481020659,0.1220520660281181,1.1212852001190186,-208.6272735595703,-15.723694801330566,-12.559976577758787,1,4.452072143554688,1,-34.96630859375,8.414295196533203,441.2616882324219,0.6052975654602051,0.4743842482566833,0.0854497700929641,1,0.124147854745388,1.142125368118286,-207.47036743164065,-21.804384231567383,-14.77316188812256,1,4.541839599609375,1,30.24889373779297,9.561433792114258,441.5836486816406,0.4085586965084076,0.4709435105323791,0.0854434818029403,1
4261142598,645481054135,0.1259745210409164,1.1268374919891355,-206.4620361328125,-17.343740463256836,-13.14967155456543,1,4.400192260742188,1,-34.314605712890625,8.395429611206055,439.46484375,0.6037542819976807,0.4743376076221466,0.0817648321390152,1,0.1204336434602737,1.1459827423095703,-209.5206451416016,-22.92984771728516,-15.18278980255127,1,4.497222900390625,1,30.63723373413086,9.416467666625977,439.8504638671875,0.4070235788822174,0.471268743276596,0.082033447921276,1
4261158991,645481070528,0.1208070516586303,1.1188757419586182,-209.31448364257807,-15.020674705505373,-12.304134368896484,1,4.406158447265625,1,-34.20799255371094,8.480548858642578,439.21038818359375,0.6034912467002869,0.4740647971630096,0.0812442600727081,1,0.1264581680297851,1.140255570411682,-206.19509887695312,-21.25877952575684,-14.574565887451172,1,4.4785919189453125,1,30.73833465576172,9.4248628616333,439.4407348632813,0.4066307246685028,0.4712167382240295,0.0812305882573127,1
4261192518,645481104055,0.1191461235284805,0.6325456500053406,-210.23130798339844,126.87804412841795,39.34279251098633,1,4.442672729492188,1,-34.07354736328125,10.175714492797852,439.6949462890625,0.6029698252677917,0.4689592719078064,0.0822611674666404,1,0.1249473541975021,0.615050733089447,-207.02908325195312,131.9827117919922,41.20072555541992,1,4.5275726318359375,1,30.50562858581543,10.91126823425293,439.8240966796875,0.4074164927005768,0.4667412936687469,0.0820314958691597,1
4261242448,645481153985,0.1035958603024482,0.4308513104915619,-218.8150787353516,185.7273406982422,60.76222610473633,1,4.59295654296875,1,-34.102027893066406,10.772958755493164,441.7331848144531,0.6025794744491577,0.4673010110855102,0.0863570570945739,1,0.1085282862186431,0.3779322504997253,-216.09239196777344,201.16778564453125,66.382080078125,1,4.6469573974609375,1,30.851062774658203,11.69003200531006,441.9916076660156,0.4068286716938019,0.4645570516586303,0.0864423811435699,1
4261258923,645481170459,0.0984126478433609,0.4339957535266876,-221.6762084960937,184.80987548828125,60.42829513549805,1,4.6139068603515625,1,-34.127464294433594,10.799762725830078,442.483154296875,0.6024817824363708,0.4672754108905792,0.0878573581576347,1,0.1114080622792244,0.3740153908729553,-214.50277709960932,202.31065368652344,66.79804229736328,1,4.623992919921875,1,30.90446853637696,11.705862998962402,442.3147277832031,0.4067358076572418,0.4645351469516754,0.0870950892567634,1
4261292373,645481203909,0.0981261134147644,0.4369809925556183,-221.83436584472656,183.9388427734375,60.11122512817383,1,4.629608154296875,1,-34.204307556152344,10.970040321350098,445.0193176269531,0.60212641954422,0.4669511020183563,0.092933289706707,1,0.1007305011153221,0.3681401312351227,-220.3967742919922,204.0248870849609,67.4219741821289,1,4.6087646484375,1,31.41925621032715,11.905739784240724,445.2449951171875,0.4058085083961487,0.4641692638397217,0.0930219143629074,1
4261308791,645481220327,0.0935150384902954,0.4284697473049164,-224.3796844482422,186.42222595214844,61.01508712768555,1,4.627655029296875,1,-34.20484924316406,11.007132530212402,445.4570617675781,0.6020274758338928,0.4668724536895752,0.0938078612089157,1,0.0954229161143302,0.3695551753044128,-223.3265686035156,203.6120147705078,67.27169799804688,1,4.66619873046875,1,31.43519401550293,11.924531936645508,445.4378662109375,0.4058015644550323,0.4641284942626953,0.0934097915887832,1
4261342293,645481253830,0.0903551653027534,0.4173585474491119,-226.1239471435547,189.6641845703125,62.19512176513672,1,4.653717041015625,1,-34.26264572143555,11.115903854370115,447.45452880859375,0.6017430424690247,0.466695636510849,0.0978040769696235,1,0.0801561772823333,0.3674342632293701,-231.75379943847656,204.23085021972656,67.49693298339844,1,4.7127532958984375,1,31.80722999572754,12.049172401428224,447.6653747558594,0.4051624834537506,0.4639351367950439,0.097911313176155,1
4261358661,645481270197,0.0914507955312728,0.4225841164588928,-225.5191650390625,188.1394805908203,61.6401596069336,1,4.6569366455078125,1,-34.233726501464844,11.122840881347656,447.4591369628906,0.601655900478363,0.466675341129303,0.0978092029690742,1,0.0762034505605697,0.3629998564720154,-233.9357147216797,205.52471923828125,67.96784973144531,1,4.7361602783203125,1,31.836429595947266,12.058431625366213,447.666748046875,0.4050759077072143,0.4639076888561249,0.0979186370968818,1
4261392213,645481303749,0.0916441157460212,0.4259322881698608,-225.4124298095703,187.1625823974609,61.28458404541016,1,4.690597534179688,1,-34.24361801147461,11.184778213500977,448.5502014160156,0.601437509059906,0.46657195687294,0.0999888926744461,1,0.0887139663100242,0.3606247305870056,-227.02989196777344,206.2176818847656,68.22005462646484,1,4.746749877929688,1,32.03630447387695,12.114267349243164,448.8041687011719,0.4047228693962097,0.4638329148292541,0.1002183258533477,1
4261408627,645481320163,0.0895381495356559,0.4166372418403625,-226.57492065429688,189.8746490478516,62.27169418334961,1,4.670684814453125,1,-34.240264892578125,11.201946258544922,448.6555786132813,0.6014036536216736,0.4665288031101227,0.1001993417739868,1,0.0836491361260414,0.3550265729427337,-229.82569885253903,207.85108947753903,68.81456756591797,1,4.73919677734375,1,32.039039611816406,12.135122299194336,448.852294921875,0.4047249257564544,0.4637749195098877,0.1003157943487167,1
4261442133,645481353669,0.0722479596734047,0.3981648087501526,-236.1191253662109,195.2644500732422,64.2334213256836,1,4.7115325927734375,1,-34.159725189208984,11.240911483764648,448.6568908691406,0.6011642813682556,0.466413289308548,0.1001916527748107,1,0.0816172361373901,0.3579695224761963,-230.94728088378903,206.99240112304688,68.50203704833984,1,4.7664794921875,1,32.140377044677734,12.20556640625,448.836669921875,0.4044210016727447,0.4635646939277649,0.1003029197454452,1
4261492053,645481403589,0.1068849638104438,0.456597089767456,-216.9994964599609,178.21536254882812,58.028053283691406,1,4.681793212890625,1,-34.19297790527344,11.035640716552734,450.2895202636719,0.6008950471878052,0.4671413004398346,0.103441409766674,1,0.0970027521252632,0.3841492235660553,-222.4544982910156,199.3538360595703,65.72181701660156,1,4.7864837646484375,1,32.40473556518555,12.00658130645752,450.4440307617188,0.4039797782897949,0.4642821252346039,0.1035353988409042,1
4261508463,645481419999,0.1050632447004318,0.4630255997180938,-218.0050811767578,176.33970642089844,57.34537887573242,1,4.68890380859375,1,-34.182106018066406,11.005837440490724,450.322265625,0.6008555293083191,0.467231810092926,0.1035035997629165,1,0.0950024798512458,0.3902822434902191,-223.55865478515625,197.5643920898437,65.07051086425781,1,4.8001861572265625,1,32.43272018432617,11.9668607711792,450.4754638671875,0.4039036929607391,0.4644020199775696,0.1035999730229377,1
4261541973,645481453508,0.1168337389826774,0.4643943905830383,-211.5077667236328,175.94033813476562,57.20001983642578,1,4.6741485595703125,1,-34.11954116821289,10.915472984313965,449.8518371582031,0.6007760167121887,0.4674652516841888,0.1025518178939819,1,0.1102916449308395,0.3840437233448028,-215.11900329589844,199.38462829589844,65.73304748535156,1,4.766403198242188,1,32.48292541503906,11.86767864227295,449.99462890625,0.4036526679992676,0.4646577537059784,0.1026431247591972,1
4261558332,645481469867,0.117063321173191,0.4678376019001007,-211.38107299804688,174.93572998046875,56.83435821533203,1,4.6964874267578125,1,-34.10530090332031,10.893478393554688,450.0716247558594,0.6006845831871033,0.4675460755825043,0.1029868796467781,1,0.1006479635834693,0.3862029016017914,-220.4422912597656,198.754623413086,65.50373077392578,1,4.818206787109375,1,32.525245666503906,11.847728729248049,450.2406005859375,0.4035800397396087,0.4647358953952789,0.1031386703252792,1
4261591897,645481503432,0.1147563159465789,0.4600777626037597,-212.654525756836,177.19981384277344,57.658447265625,1,4.733795166015625,1,-34.11383438110352,10.712717056274414,450.9815673828125,0.6005061268806458,0.4681448936462402,0.1047936379909515,1,0.10211943089962,0.3762047886848449,-219.6300811767578,201.6718139648437,66.56551361083984,1,4.816162109375,1,32.7181396484375,11.609111785888672,451.1050720214844,0.4031949639320373,0.465507447719574,0.1048779934644699,1
4261691733,645481603267,0.0921243950724601,1.1475635766983032,-225.1473388671875,-23.39106750488281,-15.350685119628906,1,4.662765502929688,1,-32.74553298950195,8.37858772277832,451.0173034667969,0.5964582562446594,0.4750389158725738,0.104564145207405,1,0.0873993262648582,1.120457410812378,-227.7555389404297,-15.482232093811035,-12.472103118896484,1,4.762466430664063,1,33.51495361328125,8.978418350219727,450.9957580566406,0.4008188545703888,0.4732666611671448,0.1046569198369979,1
4261741638,645481653172,0.1264826208353042,1.344524621963501,-206.1815948486328,-80.85931396484375,-36.26739501953125,1,4.618865966796875,1,-32.46040344238281,7.723374843597412,448.10357666015625,0.5962395668029785,0.4768251776695251,0.0986882299184799,1,0.0915973037481308,1.3474125862121582,-225.43826293945312,-81.7019271850586,-36.5740966796875,1,4.760345458984375,1,33.71810531616211,8.118785858154297,447.920654296875,0.3995355367660522,0.4756402671337127,0.0985226407647132,1
4261791554,645481703087,0.1250948160886764,1.3094288110733032,-206.9476623535156,-70.61922454833984,-32.54029846191406,1,4.595947265625,1,-31.8793888092041,7.702858924865723,441.9217529296875,0.5958382487297058,0.4765659272670746,0.0862741097807884,1,0.1119392290711402,1.3331241607666016,-214.2095489501953,-77.53297424316406,-35.0567626953125,1,4.701141357421875,1,33.45817184448242,7.9843597412109375,441.9163513183594,0.3989568054676056,0.4757174253463745,0.0865061059594154,1
4261808066,645481719599,0.1272112876176834,1.3111321926116943,-205.7793731689453,-71.11624145507812,-32.721187591552734,1,4.572921752929688,1,-31.79412078857422,7.718051910400391,440.9168395996094,0.5957996249198914,0.4764671325683594,0.0842580571770668,1,0.1109345778822898,1.3340431451797483,-214.76412963867188,-77.80110168457031,-35.154354095458984,1,4.68939208984375,1,33.419071197509766,7.983264446258545,440.8795776367188,0.3988378345966339,0.4756641387939453,0.0844328626990318,1
4261824752,645481736285,0.1340848505496978,1.3246698379516602,-201.9851531982422,-75.06619262695312,-34.15887451171875,1,4.576751708984375,1,-31.68766975402832,7.752657413482666,439.494384765625,0.5957878828048706,0.4762868583202362,0.0814069211483001,1,0.1117838695645332,1.32124924659729,-214.2953338623047,-74.06808471679688,-33.79558563232422,1,4.669830322265625,1,33.324520111083984,7.956584930419922,438.9138488769531,0.3986726105213165,0.4756371080875397,0.0804980471730232,1
4261841474,645481753007,0.1293090730905532,1.3142833709716797,-204.62139892578125,-72.03564453125,-33.05586624145508,1,4.56585693359375,1,-31.54941749572754,7.730649471282959,437.6652221679688,0.5957685112953186,0.4762556254863739,0.0777379125356674,1,0.1147651150822639,1.3174207210540771,-212.64968872070312,-72.9510269165039,-33.389041900634766,1,4.662643432617188,1,33.254093170166016,7.923792839050293,437.5347290039063,0.3985683023929596,0.4756608009338379,0.0777362659573555,1
4261857934,645481769467,0.1272323280572891,1.3171693086624146,-205.76776123046875,-72.87771606445312,-33.36233901977539,1,4.5458526611328125,1,-31.49716186523437,7.731968402862549,437.0008850097656,0.5957552194595337,0.4762158393859863,0.0764054581522941,1,0.1119221970438957,1.3140079975128174,-214.218978881836,-71.95530700683594,-33.02663040161133,1,4.67120361328125,1,33.21980285644531,7.902620792388916,436.8639221191406,0.3985174000263214,0.4756883382797241,0.0763928815722465,1
4261891390,645481802923,0.1317410916090011,1.3150997161865234,-203.2789001464844,-72.27387237548828,-33.142555236816406,1,4.5163421630859375,1,-31.310009002685547,7.82189416885376,434.51080322265625,0.5957316756248474,0.4758052229881286,0.0714152827858924,1,0.1258983314037323,1.3222997188568115,-206.504135131836,-74.37464141845703,-33.90715789794922,1,4.639923095703125,1,33.05231857299805,7.95013952255249,434.4111022949219,0.3984590470790863,0.4754066467285156,0.071478396654129,1
4261907900,645481819433,0.1336618661880493,1.3180854320526123,-202.2186584472656,-73.1450424194336,-33.45962905883789,1,4.514404296875,1,-31.287813186645508,7.866096019744873,434.1440124511719,0.5957446694374084,0.4756494164466858,0.0706820711493492,1,0.1196596547961235,1.3225548267364502,-209.9478912353516,-74.44908142089844,-33.934261322021484,1,4.6449127197265625,1,33.037628173828125,7.975902557373047,434.0198364257813,0.3984127938747406,0.4753056168556213,0.0706969574093818,1
4261924582,645481836115,0.1334912776947021,1.302192211151123,-202.31283569335932,-68.5077896118164,-31.77181625366211,1,4.541229248046875,1,-31.258451461791992,7.912234783172607,433.75872802734375,0.5957397222518921,0.4754863083362579,0.0699111297726631,1,0.1262047886848449,1.294339299201965,-206.3349609375,-66.21647644042969,-30.93784523010254,1,4.6440277099609375,1,33.004981994628906,8.00696086883545,433.4902648925781,0.3983892500400543,0.4751803278923034,0.0696372687816619,1
4261941310,645481852843,0.1397241950035095,1.2885035276412964,-198.87225341796875,-64.51380920410156,-30.318113327026367,1,4.5184326171875,1,-31.244935989379883,7.9340739250183105,433.3071594238281,0.5957981944084167,0.4753938913345337,0.0690093412995338,1,0.1313328295946121,1.3125827312469482,-203.5043182373047,-71.5394515991211,-32.87525177001953,1,4.610687255859375,1,32.9706916809082,8.045284271240234,433.1040649414063,0.3984042704105377,0.4750405550003052,0.0688634663820266,1
4261957770,645481869303,0.1318502426147461,1.2942829132080078,-203.2186737060547,-66.20003509521484,-30.93187713623047,1,4.4844970703125,1,-31.26013946533203,7.951029777526855,433.5935668945313,0.5957815051078796,0.4753579199314117,0.069583311676979,1,0.1288795471191406,1.3130666017532349,-204.8584899902344,-71.68069458007812,-32.926658630371094,1,4.628463745117188,1,32.99143981933594,8.061690330505371,433.356201171875,0.3983995020389557,0.4750045239925384,0.0693699344992637,1
4261991230,645481902762,0.1995598971843719,1.3276183605194092,-165.84292602539062,-75.92655181884766,-34.47200393676758,1,4.539474487304688,1,-30.85001373291016,8.034299850463867,435.3599548339844,0.5941374897956848,0.4752022922039032,0.0730510875582695,1,0.241101861000061,1.3302487134933472,-142.91175842285156,-76.6939468383789,-34.75132369995117,1,4.636322021484375,1,33.63671875,8.13433837890625,435.08349609375,0.3968269824981689,0.4748805463314056,0.072915218770504,1
4262024413,645481935945,0.4578038454055786,1.313407063484192,-23.29227066040039,-71.77999114990234,-32.96280670166016,1,4.46697998046875,1,-29.54319190979004,8.117349624633789,432.9433288574219,0.5906447172164917,0.4748097062110901,0.0680521205067634,1,0.5682964324951172,1.316156029701233,37.69963836669922,-72.58208465576172,-33.25474166870117,1,4.531829833984375,1,34.783199310302734,8.13424015045166,432.1968078613281,0.3926069736480713,0.4747145473957062,0.0673410668969154,1
4262041145,645481952677,0.5367280840873718,1.3348710536956787,20.27390480041504,-78.04263305664062,-35.242218017578125,1,4.465591430664063,1,-29.09971046447754,8.217774391174316,432.2062683105469,0.5894333720207214,0.474457710981369,0.0665254518389701,1,0.5780375599861145,1.316803216934204,43.07673645019531,-72.77091217041016,-33.32346725463867,1,4.534942626953125,1,34.93610000610352,8.13720417022705,431.50775146484375,0.3919640183448791,0.4746654033660888,0.0659923702478408,1
4262074329,645481985861,0.5375529527664185,1.326954364776611,20.72922134399414,-75.7327651977539,-34.4015007019043,1,4.434539794921875,1,-28.83450698852539,8.218367576599121,430.82171630859375,0.5889017581939697,0.4743745028972626,0.0637275427579879,1,0.5699214339256287,1.3214166164398191,38.59663391113281,-74.11699676513672,-33.81341552734375,1,4.501632690429688,1,35.1785774230957,8.089479446411133,430.4361267089844,0.3909454345703125,0.4747505187988281,0.0638940408825874,1
4262091065,645482002597,0.5329093933105469,1.321708083152771,18.16596031188965,-74.20201873779297,-33.844337463378906,1,4.4542999267578125,1,-28.673473358154297,8.254487991333008,431.5548400878906,0.5882534384727478,0.4743062257766723,0.0651702284812927,1,0.5754468441009521,1.3366297483444214,41.64664459228516,-78.55577850341797,-35.42901611328125,1,4.51849365234375,1,35.385093688964844,8.100913047790527,430.8907470703125,0.3904220461845398,0.4747415781021118,0.0648342296481132,1
4262140985,645482052517,0.5297732353210449,1.333065390586853,16.434837341308594,-77.51577758789062,-35.050479888916016,1,4.445587158203125,1,-28.22014236450196,8.471550941467285,433.0625305175781,0.5865514278411865,0.4737274050712585,0.0681273788213729,1,0.5651469230651855,1.3283405303955078,35.96111297607422,-76.1372299194336,-34.54867935180664,1,4.5230255126953125,1,36.132362365722656,8.091188430786133,432.3413696289063,0.3884873390197754,0.4748555421829223,0.0678480863571167,1
4262174159,645482085690,0.53484708070755,1.3253984451293943,19.23563766479492,-75.27875518798828,-34.23625946044922,1,4.465347290039063,1,-28.01211166381836,8.502778053283691,433.5361022949219,0.5858176946640015,0.4736599624156952,0.0690466314554214,1,0.547802746295929,1.3016176223754885,26.387086868286133,-68.34014892578125,-31.71079444885254,1,4.5210723876953125,1,36.58627700805664,8.011184692382812,432.958740234375,0.3872499465942383,0.4751371145248413,0.0691513046622276,1
4262190905,645482102436,0.5322912931442261,1.3328897953033447,17.824846267700195,-77.46460723876953,-35.03183364868164,1,4.4901275634765625,1,-27.86460876464844,8.423945426940918,433.996826171875,0.5852737426757812,0.4739295840263366,0.0699440315365791,1,0.5595810413360596,1.3056907653808594,32.88872528076172,-69.52861785888672,-32.14335250854492,1,4.5372467041015625,1,36.72002029418945,7.923707962036133,433.27642822265625,0.3869214057922363,0.4754240214824676,0.0698036476969719,1
4262207407,645482118938,0.5329217910766602,1.336560845375061,18.172866821289062,-78.53568267822266,-35.42168426513672,1,4.486053466796875,1,-27.79204559326172,8.37841796875,434.00384521484375,0.5850497484207153,0.4740697145462036,0.0699469596147537,1,0.570537805557251,1.3029210567474363,38.9369010925293,-68.7204818725586,-31.84922981262207,1,4.5861663818359375,1,36.76676177978516,7.858589649200439,433.2615356445313,0.3867738842964172,0.4756233692169189,0.0697795376181602,1
4262240825,645482152356,0.5297079086303711,1.3286895751953125,16.398788452148438,-76.23906707763672,-34.585777282714844,1,4.4896240234375,1,-27.661767959594727,8.299555778503418,435.5158386230469,0.584355354309082,0.4744000434875488,0.0729446411132812,1,0.5746890306472778,1.3152788877487185,41.22832489013672,-72.32614135742188,-33.16158676147461,1,4.562225341796875,1,37.0948486328125,7.762819290161133,434.2847595214844,0.3860341310501098,0.4759739339351654,0.0718704834580421,1
4262273990,645482185521,0.5307955145835876,1.337538480758667,16.99911880493164,-78.82091522216797,-35.52550506591797,1,4.4846954345703125,1,-27.56867408752441,8.298033714294434,435.2574462890625,0.5841207504272461,0.4743896424770355,0.072417177259922,1,0.5592993497848511,1.3071118593215942,32.733245849609375,-69.94319915771484,-32.29425430297852,1,4.5797119140625,1,37.27462768554688,7.77300214767456,434.2976684570313,0.3854862451553345,0.4759434163570404,0.0719272494316101,1
4262290745,645482202276,0.534882128238678,1.332921266555786,19.25495147705078,-77.47371673583984,-35.03515625,1,4.467208862304688,1,-27.462276458740234,8.237808227539062,434.7170715332031,0.5838996767997742,0.4745425581932068,0.0713230594992637,1,0.5617765784263611,1.3104374408721924,34.100643157958984,-70.91353607177734,-32.6474494934082,1,4.571563720703125,1,37.3603744506836,7.710904121398926,433.9205627441406,0.3851237595081329,0.4761132895946502,0.0711884126067161,1
4262323906,645482235436,0.6697501540184021,1.3619288206100464,93.70209503173828,-85.93741607666016,-38.115699768066406,1,4.515716552734375,1,-26.864458084106445,7.951205730438232,433.3274230957031,0.5823323130607605,0.4753423929214477,0.0684643536806106,1,0.7719932794570923,1.292058348655701,150.1403350830078,-65.55101013183594,-30.69565773010254,1,4.787368774414063,1,37.57956314086914,7.2819013595581055,432.2077026367188,0.3839940726757049,0.4773412346839905,0.0677989497780799,1
4262340665,645482252195,0.6848472356796265,1.350574612617493,102.03567504882812,-82.62458038330078,-36.90988159179688,1,4.536178588867188,1,-27.006261825561523,7.794401168823242,435.3699340820313,0.5823787450790405,0.475936621427536,0.0725527331233024,1,0.7383058667182922,1.3180333375930786,131.5448760986328,-73.12982940673828,-33.454097747802734,1,4.636444091796875,1,37.77231597900391,7.230447769165039,433.5903625488281,0.3837713301181793,0.4775708317756653,0.0705852061510086,1
4262390585,645482302115,0.6737232208251953,1.3805357217788696,95.89523315429688,-91.36640167236328,-40.09168243408203,1,4.564956665039063,1,-27.32119369506836,8.126131057739258,438.354248046875,0.5827730894088745,0.4750912189483642,0.0785600617527961,1,0.7242239117622375,1.3284395933151243,123.77162170410156,-76.1661376953125,-34.559200286865234,1,4.6692657470703125,1,38.11043167114258,7.4239325523376465,437.2570190429688,0.3837144076824188,0.4771677851676941,0.0779549553990364,1
4262423736,645482335266,0.6949042081832886,1.3795485496520996,107.58714294433594,-91.07842254638672,-39.9868278503418,1,4.5899810791015625,1,-27.4412899017334,8.300699234008789,438.3822326660156,0.5831326246261597,0.4745624959468841,0.0786373913288116,1,0.7145073413848877,1.357155442237854,118.40805053710938,-84.54460906982422,-37.608734130859375,1,4.680206298828125,1,38.09052276611328,7.569469928741455,437.3169250488281,0.383790910243988,0.4767277240753174,0.0780758038163185,1
4262440510,645482352040,0.6859757900238037,1.357948899269104,102.65863800048828,-84.77618408203125,-37.69302368164063,1,4.584930419921875,1,-27.431787490844727,8.224781036376953,437.1956176757813,0.5833299160003662,0.4747253358364105,0.0762651339173317,1,0.7029477953910828,1.3310128450393677,112.02716827392578,-76.91686248779297,-34.83247375488281,1,4.678237915039063,1,38.04684448242188,7.447774887084961,436.669189453125,0.3837520480155945,0.4770646095275879,0.0767736807465553,1
4262490430,645482401960,0.6930521726608276,1.3651139736175537,106.56482696533205,-86.86673736572266,-38.45392227172852,1,4.553756713867188,1,-27.63791847229004,8.299530982971191,435.0178527832031,0.5843791961669922,0.4743711054325104,0.0719478726387023,1,0.6774128675460815,1.342292070388794,97.93192291259766,-80.20792388916016,-36.03031921386719,1,4.6425323486328125,1,37.7334213256836,7.341341495513916,434.2979431152344,0.3840795755386352,0.4772669672966003,0.0719917565584182,1
4262540350,645482451879,0.6862484812736511,1.3785216808319092,102.80918884277344,-90.77882385253906,-39.877811431884766,1,4.5709381103515625,1,-28.03632926940918,8.585626602172852,434.6950073242188,0.5856625437736511,0.4734758138656616,0.0713656023144722,1,0.707641065120697,1.3391132354736328,114.61788177490234,-79.2804183959961,-35.692726135253906,1,4.69232177734375,1,37.2829475402832,7.590519428253174,434.2416076660156,0.3854459822177887,0.4764999449253082,0.0718105435371398,1
4262590265,645482501794,0.6773978471755981,1.350172519683838,97.92363739013672,-82.50721740722656,-36.8671875,1,4.625167846679688,1,-28.39886283874512,8.29791259765625,434.04150390625,0.5869040489196777,0.4743189215660095,0.0700974762439727,1,0.7157478928565979,1.347556471824646,119.0928192138672,-81.74394226074219,-36.58935546875,1,4.584381103515625,1,36.76996612548828,7.285269260406494,433.241455078125,0.3867587745189667,0.4773844182491302,0.0697200894355773,1
4262640185,645482551713,0.6873780488967896,1.3543680906295776,103.43268585205078,-83.73139190673828,-37.312747955322266,1,4.5961761474609375,1,-28.661211013793945,8.391637802124023,432.5091552734375,0.5880205035209656,0.4739401638507843,0.0670780017971992,1,0.7243518829345703,1.3140013217926023,123.8422622680664,-71.9533920288086,-33.02592849731445,1,4.7099151611328125,1,36.41455841064453,7.353315353393555,432.1032409667969,0.3875563442707062,0.4771157503128052,0.0673944726586341,1
