subject_1_activity_1_repeat_1.csv
subject_1_activity_1_repeat_2.csv
subject_1_activity_1_repeat_3.csv
subject_1_activity_1_repeat_4.csv
subject_1_activity_1_repeat_5.csv
subject_1_activity_2_repeat_1.csv
subject_1_activity_2_repeat_2.csv
subject_1_activity_2_repeat_3.csv
subject_1_activity_2_repeat_4.csv
subject_1_activity_2_repeat_5.csv
subject_1_activity_3_repeat_1.csv
subject_1_activity_3_repeat_2.csv
subject_1_activity_3_repeat_3.csv
subject_1_activity_3_repeat_4.csv
subject_1_activity_3_repeat_5.csv
subject_1_activity_4_repeat_1.csv
subject_1_activity_4_repeat_2.csv
subject_1_activity_4_repeat_3.csv
subject_1_activity_4_repeat_4.csv
subject_1_activity_4_repeat_5.csv
subject_1_activity_5_repeat_1.csv
subject_1_activity_5_repeat_2.csv
subject_1_activity_5_repeat_3.csv
subject_1_activity_5_repeat_4.csv
subject_1_activity_5_repeat_5.csv
subject_1_activity_6_repeat_2.csv
subject_1_activity_6_repeat_3.csv
subject_1_activity_6_repeat_4.csv
subject_1_activity_7_repeat_1.csv
subject_1_activity_7_repeat_2.csv
subject_1_activity_7_repeat_3.csv
subject_1_activity_7_repeat_4.csv
subject_1_activity_7_repeat_5.csv
subject_1_activity_8_repeat_1.csv
subject_1_activity_8_repeat_2.csv
subject_1_activity_8_repeat_3.csv
subject_1_activity_8_repeat_5.csv
subject_1_activity_9_repeat_1.csv
subject_1_activity_9_repeat_2.csv
subject_1_activity_9_repeat_3.csv
subject_1_activity_9_repeat_4.csv
subject_1_activity_9_repeat_5.csv
subject_1_activity_10_repeat_1.csv
subject_1_activity_10_repeat_2.csv
subject_1_activity_10_repeat_4.csv
subject_2_activity_1_repeat_1.csv
subject_2_activity_1_repeat_2.csv
subject_2_activity_1_repeat_3.csv
subject_2_activity_1_repeat_4.csv
subject_2_activity_1_repeat_5.csv
subject_2_activity_2_repeat_2.csv
subject_2_activity_2_repeat_3.csv
subject_2_activity_2_repeat_4.csv
subject_2_activity_2_repeat_5.csv
subject_2_activity_3_repeat_2.csv
subject_2_activity_3_repeat_3.csv
subject_2_activity_3_repeat_4.csv
subject_2_activity_3_repeat_5.csv
subject_2_activity_4_repeat_1.csv
subject_2_activity_4_repeat_2.csv
subject_2_activity_4_repeat_3.csv
subject_2_activity_4_repeat_4.csv
subject_2_activity_4_repeat_5.csv
subject_2_activity_5_repeat_1.csv
subject_2_activity_5_repeat_2.csv
subject_2_activity_5_repeat_3.csv
subject_2_activity_5_repeat_4.csv
subject_2_activity_5_repeat_5.csv
subject_2_activity_6_repeat_1.csv
subject_2_activity_6_repeat_2.csv
subject_2_activity_6_repeat_4.csv
subject_2_activity_6_repeat_5.csv
subject_2_activity_7_repeat_1.csv
subject_2_activity_7_repeat_2.csv
subject_2_activity_7_repeat_3.csv
subject_2_activity_7_repeat_4.csv
subject_2_activity_7_repeat_5.csv
subject_2_activity_8_repeat_1.csv
subject_2_activity_8_repeat_2.csv
subject_2_activity_8_repeat_3.csv
subject_2_activity_8_repeat_4.csv
subject_2_activity_8_repeat_5.csv
subject_2_activity_9_repeat_1.csv
subject_2_activity_9_repeat_2.csv
subject_2_activity_9_repeat_4.csv
subject_2_activity_9_repeat_6.csv
subject_2_activity_10_repeat_2.csv
subject_2_activity_10_repeat_3.csv
subject_2_activity_10_repeat_4.csv
subject_2_activity_10_repeat_5.csv
