device_time_stamp,system_time_stamp,left_gaze_point_on_display_area_x,left_gaze_point_on_display_area_y,left_gaze_point_in_user_coordinate_system_x,left_gaze_point_in_user_coordinate_system_y,left_gaze_point_in_user_coordinate_system_z,left_gaze_point_validity,left_pupil_diameter,left_pupil_validity,left_gaze_origin_in_user_coordinate_system_x,left_gaze_origin_in_user_coordinate_system_y,left_gaze_origin_in_user_coordinate_system_z,left_gaze_origin_in_trackbox_coordinate_system_x,left_gaze_origin_in_trackbox_coordinate_system_y,left_gaze_origin_in_trackbox_coordinate_system_z,left_gaze_origin_validity,right_gaze_point_on_display_area_x,right_gaze_point_on_display_area_y,right_gaze_point_in_user_coordinate_system_x,right_gaze_point_in_user_coordinate_system_y,right_gaze_point_in_user_coordinate_system_z,right_gaze_point_validity,right_pupil_diameter,right_pupil_validity,right_gaze_origin_in_user_coordinate_system_x,right_gaze_origin_in_user_coordinate_system_y,right_gaze_origin_in_user_coordinate_system_z,right_gaze_origin_in_trackbox_coordinate_system_x,right_gaze_origin_in_trackbox_coordinate_system_y,right_gaze_origin_in_trackbox_coordinate_system_z,right_gaze_origin_validity
3631468182,389484950294,0.5077062845230103,0.5629121661186218,4.253885269165039,147.19534301757812,46.737701416015625,1,2.3954620361328125,1,-41.435768127441406,-12.472331047058104,455.1369018554688,0.6210089325904846,0.5362681150436401,0.1143786609172821,1,0.507439374923706,0.5257929563522339,4.106541156768799,158.02578735351562,50.67966079711914,1,2.34539794921875,1,27.5488224029541,-15.689851760864258,456.2156372070313,0.4193654358386993,0.545573353767395,0.1146317720413208,1
3631518052,389485000163,0.4993413090705871,0.5301468372344971,-0.3635986745357513,156.75543212890625,50.21730041503906,1,2.339691162109375,1,-41.4258041381836,-12.346468925476074,455.270751953125,0.6209441423416138,0.5358892679214478,0.1146365329623222,1,0.5061299800872803,0.5148651599884033,3.383743524551392,161.2142333984375,51.84014892578125,1,2.3313751220703125,1,27.5177001953125,-15.534034729003906,456.2441101074219,0.4194613099098205,0.5451157093048096,0.1146741956472396,1
3631568018,389485050128,0.4998785555362701,0.5429626703262329,-0.0670169740915298,153.01609802246094,48.85626602172852,1,2.3458709716796875,1,-41.48274993896485,-12.28609848022461,455.5707702636719,0.6210308074951172,0.5356889963150024,0.1152409687638282,1,0.4959203898906708,0.515404462814331,-2.2519452571868896,161.056884765625,51.78287506103516,1,2.3260955810546875,1,27.555158615112305,-15.500032424926758,456.5950317382813,0.4194137752056122,0.5449817180633545,0.1153765246272087,1
3631667852,389485149959,0.5008458495140076,0.5563158988952637,0.4669280648231506,149.11996459960938,47.43822860717773,1,2.414154052734375,1,-41.84812545776367,-12.1816987991333,456.6879577636719,0.6217995882034302,0.5352967381477356,0.1175261214375495,1,0.4994282722473144,0.5203513503074646,-0.3155890703201294,159.613525390625,51.25752258300781,1,2.3238067626953125,1,27.499250411987305,-15.434647560119627,457.8813171386719,0.4198021590709686,0.5446646213531494,0.1179318875074386,1
3631717722,389485199828,0.4941914081573486,0.5365905165672302,-3.2063355445861816,154.87530517578125,49.53300476074219,1,2.3445587158203125,1,-42.00837707519531,-12.109646797180176,456.3844299316406,0.6223483085632324,0.5351101756095886,0.1169473230838775,1,0.4942883849143982,0.517652690410614,-3.152780771255493,160.40089416503906,51.54412841796875,1,2.3293609619140625,1,27.30474853515625,-15.28824520111084,457.5491333007813,0.4203101694583893,0.5442711114883423,0.1172360256314277,1
3631767688,389485249793,0.5035278797149658,0.5293484926223755,1.947411298751831,156.98838806152344,50.302032470703125,1,2.337265014648437,1,-42.21519088745117,-11.972708702087402,455.5683288574219,0.623172402381897,0.5347731709480286,0.1153533905744552,1,0.5019644498825073,0.5215981006622314,1.0844230651855469,159.24974060058594,51.12511444091797,1,2.31439208984375,1,27.033674240112305,-15.107986450195312,456.7673034667969,0.4209643900394439,0.5438216924667358,0.1156318932771682,1
3631817558,389485299661,0.4923719763755798,0.5138797760009766,-4.210658550262451,161.50173950195312,51.94481658935547,1,2.3280029296875,1,-42.45818328857422,-11.91045379638672,455.3094482421875,0.6239532232284546,0.5346109867095947,0.1148797571659088,1,0.5025104284286499,0.519829511642456,1.3857349157333374,159.7657470703125,51.31296157836914,1,2.3361053466796875,1,26.74668884277344,-14.962360382080078,456.5081176757813,0.4217568039894104,0.5434219241142273,0.1150714084506034,1
3631867524,389485349626,0.5008833408355713,0.5179060101509094,0.4876232743263244,160.32699584960938,51.51720428466797,1,2.35614013671875,1,-42.67087173461914,-11.71665859222412,455.3190612792969,0.6245726346969604,0.5340434908866882,0.1149284690618515,1,0.4992057979106903,0.5067957639694214,-0.4383812546730041,163.5686798095703,52.69709777832031,1,2.2947235107421875,1,26.612106323242188,-14.822299003601074,456.5649719238281,0.4221590459346771,0.5430079698562622,0.1151600331068039,1
3631917393,389485399494,0.5002810955047607,0.5056150555610657,0.1551903784275055,163.91317749023438,52.8225212097168,1,2.317291259765625,1,-42.738582611083984,-11.596137046813965,454.900390625,0.6248857378959656,0.5337222218513489,0.1141015589237213,1,0.498773992061615,0.5079616904258728,-0.6767439246177673,163.228515625,52.573272705078125,1,2.283721923828125,1,26.502485275268555,-14.685314178466797,456.206298828125,0.4224179983139038,0.5426421761512756,0.1144227311015129,1
3631967359,389485449458,0.5064965486526489,0.5288704633712769,3.5861294269561768,157.1278533935547,50.35282516479492,1,2.320892333984375,1,-42.94288635253906,-11.560257911682127,454.7004699707031,0.6255390048027039,0.5336320400238037,0.1137401089072227,1,0.4951108992099762,0.5041453838348389,-2.698777675628662,164.34197998046875,52.97855758666992,1,2.30047607421875,1,26.31139373779297,-14.614469528198242,456.0440368652344,0.4229484498500824,0.5424505472183228,0.1140722632408142,1
3632017229,389485499327,0.4964745938777923,0.4872002899646759,-1.9460035562515257,169.28614807128906,54.7780876159668,1,2.2710418701171875,1,-43.01700592041016,-11.559879302978516,453.8766174316406,0.6259847283363342,0.5336923599243164,0.1121141985058784,1,0.4980277717113495,0.5046087503433228,-1.088658571243286,164.20680236816406,52.92937469482422,1,2.32012939453125,1,26.08279609680176,-14.56041145324707,455.17584228515625,0.4234706461429596,0.542373776435852,0.1123099401593208,1
3632067195,389485549292,0.5111356377601624,0.5440318584442139,6.1468825340271,152.70416259765625,48.74273681640625,1,2.28460693359375,1,-43.28264999389648,-11.650561332702637,454.2247314453125,0.626666784286499,0.5339322686195374,0.1128619387745857,1,0.5070357918739319,0.5201403498649597,3.883774995803833,159.675048828125,51.27994155883789,1,2.28570556640625,1,25.938888549804688,-14.612563133239746,455.5560302734375,0.4239550232887268,0.5424906611442566,0.1130556613206863,1
3632117064,389485599160,0.5067398548126221,0.5139779448509216,3.720409870147705,161.4730987548828,51.934356689453125,1,2.250946044921875,1,-43.27679443359375,-11.726319313049316,454.0400390625,0.6267012357711792,0.5341683626174927,0.1124970689415931,1,0.4989256560802459,0.5239402651786804,-0.5930176377296448,158.56634521484375,50.87639236450195,1,2.29156494140625,1,25.893983840942383,-14.642929077148438,455.4242248535156,0.4240643680095672,0.5425918102264404,0.1127894297242164,1
3632167029,389485649123,0.5004821419715881,0.536460816860199,0.2661389112472534,154.9131622314453,49.546756744384766,1,2.3487091064453125,1,-43.378055572509766,-11.78274917602539,454.346923828125,0.6269122958183289,0.5343104600906372,0.1131300032138824,1,0.5036067962646484,0.5223063230514526,1.990965843200684,159.0430908203125,51.049903869628906,1,2.310897827148437,1,25.907920837402344,-14.676080703735352,455.708251953125,0.4240708351135254,0.5426619648933411,0.1133599877357482,1
3632266865,389485748957,0.5099114179611206,0.525914192199707,5.47113847732544,157.99041748046875,50.66677474975586,1,2.271484375,1,-43.18832778930664,-11.819253921508787,454.7796630859375,0.6262357831001282,0.534384548664093,0.1139572784304618,1,0.5040810108184814,0.5172043442726135,2.252713918685913,160.53172302246094,51.59172821044922,1,2.302230834960937,1,26.11541748046875,-14.77768611907959,456.11126708984375,0.4235319495201111,0.5429207682609558,0.1141944602131843,1
3632316831,389485798921,0.522256076335907,0.5121166706085205,12.285367012023926,162.0161895751953,52.13200378417969,1,2.256378173828125,1,-43.06544876098633,-11.7706880569458,454.646240234375,0.6259130239486694,0.5342524647712708,0.1136660128831863,1,0.505035936832428,0.5090162754058838,2.779834747314453,162.9208221435547,52.46131134033203,1,2.2896881103515625,1,26.264759063720703,-14.764286041259766,456.0099182128906,0.4230788648128509,0.5428912043571472,0.1140084862709045,1
3632366701,389485848789,0.5167292952537537,0.5116788148880005,9.234596252441406,162.14389038085938,52.17853927612305,1,2.241439819335937,1,-42.88163375854492,-11.656778335571287,453.7003479003906,0.6256365180015564,0.5339899659156799,0.1117427349090576,1,0.5011910796165466,0.5229135155677795,0.6574933528900146,158.86590576171875,50.98543167114258,1,2.29425048828125,1,26.323280334472656,-14.627732276916504,455.0194091796875,0.422740638256073,0.5425854325294495,0.1120297238230705,1
3632416667,389485898754,0.5148996114730835,0.5001292824745178,8.224616050720215,165.51382446289062,53.40506362915039,1,2.249618530273437,1,-42.84489822387695,-11.626113891601562,453.5295104980469,0.6255760192871094,0.5339128375053406,0.1113942861557006,1,0.4967047870159149,0.5050404071807861,-1.818956971168518,164.08084106445312,52.88353729248047,1,2.252655029296875,1,26.38883399963379,-14.640871047973633,454.7890625,0.4225096702575683,0.5426455736160278,0.111578494310379,1
3632466536,389485948622,0.5109792351722717,0.5051378011703491,6.060546398162842,164.0524139404297,52.87319946289063,1,2.2667236328125,1,-42.86321640014648,-11.540179252624512,453.472900390625,0.6256455779075623,0.5336647629737854,0.1112806424498558,1,0.4972261190414428,0.5144442915916443,-1.5311720371246338,161.3370361328125,51.88483810424805,1,2.30145263671875,1,26.42120361328125,-14.490775108337402,454.7432556152344,0.4224071204662323,0.5422104001045227,0.1114812046289444,1
3632666304,389486148383,0.5237532258033752,0.5250440835952759,13.111787796020508,158.24427795410156,50.759185791015625,1,2.322174072265625,1,-43.24520492553711,-11.27889919281006,454.1461486816406,0.6265789866447449,0.5328484177589417,0.1126797497272491,1,0.5103075504302979,0.5295312404632568,5.689795970916748,156.93502807617188,50.28263473510742,1,2.2694244384765625,1,26.420181274414062,-14.36961555480957,455.1954650878906,0.4224869906902313,0.5418137907981873,0.1123758554458618,1
3632716172,389486198249,0.5153715014457703,0.5262550711631775,8.48508071899414,157.89093017578125,50.63058090209961,1,2.326202392578125,1,-43.25072860717773,-11.405192375183104,452.11859130859375,0.6271638870239258,0.533368706703186,0.1086515486240387,1,0.4997686445713043,0.5238869786262512,-0.1276925802230835,158.58189392089844,50.88207244873047,1,2.3012237548828125,1,26.187049865722656,-14.361971855163574,453.4294128417969,0.4228705763816833,0.5419550538063049,0.1088239774107933,1
3632766042,389486248118,0.5135119557380676,0.5329392552375793,7.458617687225342,155.94068908691406,49.92071533203125,1,2.3346405029296875,1,-43.40708541870117,-11.541302680969238,451.1526184082031,0.6278982162475586,0.5338423848152161,0.1067658066749572,1,0.4973088800907135,0.522689938545227,-1.4855122566223145,158.93116760253906,51.00917434692383,1,2.301055908203125,1,25.974498748779297,-14.400083541870115,452.4929809570313,0.4233369529247284,0.5421545505523682,0.1069331020116806,1
3632816008,389486298082,0.5105434656143188,0.5059168934822083,5.819995880126953,163.82510375976562,52.79042053222656,1,2.2923583984375,1,-43.42267227172852,-11.72188663482666,450.0343017578125,0.6282626390457153,0.5344613194465637,0.1045524924993515,1,0.5011789202690125,0.5129633545875549,0.6507850885391235,161.76913452148438,52.04208755493164,1,2.340789794921875,1,25.78143882751465,-14.5194091796875,451.3910217285156,0.4237198829650879,0.5426099896430969,0.1047195419669151,1
3632865878,389486347951,0.3324287831783294,0.3616268932819366,-92.49928283691406,205.9252471923828,68.11363983154297,1,2.4215545654296875,1,-44.145652770996094,-11.336257934570312,450.3519592285156,0.6303097605705261,0.5332966446876526,0.1053049340844154,1,0.4165683388710022,0.4458777904510498,-46.05427932739258,181.343002319336,59.16643905639648,1,2.453094482421875,1,25.06075668334961,-14.274641036987305,451.1853637695313,0.4258122444152832,0.5419071316719055,0.104212462902069,1
3632915844,389486397915,0.1289813369512558,0.2795214056968689,-204.8022918701172,229.88156127929688,76.83299255371094,1,2.606353759765625,1,-45.7076301574707,-10.860368728637695,449.8798828125,0.6350701451301575,0.5319231748580933,0.1046525239944458,1,0.1746387630701065,0.289791464805603,-179.59938049316406,226.885009765625,75.74237823486328,1,2.5861053466796875,1,23.178279876708984,-13.4085111618042,451.7110595703125,0.431447833776474,0.5393047332763672,0.1050080582499504,1
3632965713,389486447782,0.1435407251119613,0.3001222610473633,-196.76551818847656,223.87075805664065,74.64525604248047,1,2.5699005126953125,1,-46.848388671875,-10.857414245605469,449.7609558105469,0.6384834051132202,0.5319229364395142,0.1046492904424667,1,0.1575693041086197,0.2664801478385925,-189.0217437744141,233.68667602539065,78.21797180175781,1,2.620223999023437,1,22.21940994262696,-13.136701583862305,451.7661437988281,0.434282511472702,0.5384987592697144,0.105005919933319,1
3633015679,389486497747,0.1525401175022125,0.3025960028171539,-191.7978363037109,223.14895629882807,74.382568359375,1,2.536972045898437,1,-47.95912551879883,-11.016368865966797,449.6345520019531,0.6418120265007019,0.532402753829956,0.1046384274959564,1,0.1588033735752105,0.2640072703361511,-188.3405303955078,234.4081878662109,78.4805908203125,1,2.6020660400390625,1,21.10570526123047,-13.088544845581056,451.8190612792969,0.4375725984573364,0.5383522510528564,0.1050021946430206,1
3633065549,389486547615,0.1490819901227951,0.299602061510086,-193.70675659179688,224.0225372314453,74.70052337646484,1,2.5512847900390625,1,-48.511478424072266,-11.177298545837402,449.5646362304688,0.6434702277183533,0.5328844785690308,0.1046251207590103,1,0.1548452526330948,0.2641785740852356,-190.52540588378903,234.3582000732422,78.46240997314453,1,2.558349609375,1,20.41025161743164,-13.105887413024902,451.849853515625,0.4396263659000397,0.5384007692337036,0.1050008535385131,1
3633115515,389486597579,0.1570762544870376,0.333255797624588,-189.2938995361328,214.20323181152344,71.1265640258789,1,2.456039428710937,1,-48.39521026611328,-11.316957473754885,449.58929443359375,0.6431179642677307,0.5332962870597839,0.1046561896800994,1,0.1732326745986938,0.2699113488197326,-180.37554931640625,232.68551635742188,77.85356903076172,1,2.530670166015625,1,20.482288360595703,-13.251136779785156,451.8406372070313,0.4394128620624542,0.5388295650482178,0.1049974337220192,1
3633165481,389486647544,0.1755033731460571,0.335851788520813,-179.12213134765625,213.44580078125,70.85088348388672,1,2.421661376953125,1,-48.103553771972656,-11.09742546081543,449.6330871582031,0.6422402262687683,0.5326429009437561,0.1046701669692993,1,0.1780000925064087,0.2781947255134582,-177.7439422607422,230.26866149902344,76.9738998413086,1,2.509017944335937,1,20.79828453063965,-13.196040153503418,451.8216247558594,0.4384789764881134,0.5386688709259033,0.1049850434064865,1
3633215349,389486697410,0.1746740639209747,0.3337452113628387,-179.57989501953125,214.06040954589844,71.0746078491211,1,2.453887939453125,1,-47.86870574951172,-11.562901496887209,449.6448059082031,0.6415409445762634,0.5340205430984497,0.1046669334173202,1,0.1719071865081787,0.2763048410415649,-181.10723876953125,230.82009887695312,77.17459106445312,1,2.527374267578125,1,21.05802154541016,-13.599300384521484,451.7997131347656,0.4377104640007019,0.5398593544960022,0.104989193379879,1
3633265315,389486747374,0.1732509583234787,0.344311773777008,-180.365463256836,210.97740173339844,69.95246124267578,1,2.4691162109375,1,-47.71257019042969,-11.11959743499756,449.6754455566406,0.6410689353942871,0.5327054858207703,0.1046726107597351,1,0.1797126233577728,0.2803765535354614,-176.7986297607422,229.63204956054688,76.74219512939453,1,2.483062744140625,1,21.21689414978028,-13.24880313873291,451.8010864257813,0.4372423887252807,0.5388261675834656,0.1049859598278999,1
3633315185,389486797243,0.1738201677799224,0.3174282014369964,-180.05126953125,218.8213348388672,72.80738830566406,1,2.4133758544921875,1,-47.59267044067383,-10.85851001739502,449.6846008300781,0.6407110095024109,0.5319316387176514,0.1046528965234756,1,0.1780879646539688,0.2835103869438171,-177.69544982910156,228.71766662597656,76.40940856933594,1,2.501312255859375,1,21.35315704345703,-12.820536613464355,451.8063354492188,0.4368414878845215,0.5375634431838989,0.1049846187233924,1
3633365151,389486847207,0.1761136204004287,0.3354713022708893,-178.7852783203125,213.5568084716797,70.89129638671875,1,2.4390869140625,1,-47.37714385986328,-11.45644187927246,449.6995544433594,0.6400681138038635,0.5337011814117432,0.1046668738126754,1,0.1719056814908981,0.2826299965381622,-181.10806274414065,228.9745483398437,76.50291442871094,1,2.4742889404296875,1,21.58866500854492,-13.600231170654297,451.7658386230469,0.436141699552536,0.5398650765419006,0.1049716770648956,1
3633415021,389486897075,0.1638563275337219,0.3447664678096771,-185.55130004882807,210.8447113037109,69.90419006347656,1,2.451629638671875,1,-47.26333618164063,-10.596973419189451,449.7316589355469,0.639721155166626,0.5311538577079773,0.1046649813652038,1,0.1758181899785995,0.2731207907199859,-178.9483642578125,231.7490997314453,77.51273345947266,1,2.4504852294921875,1,21.726621627807617,-12.90428638458252,451.7801513671875,0.4357370734214782,0.5378124713897705,0.1049726530909538,1
3633464987,389486947039,0.1660946756601333,0.3293445706367492,-184.31573486328125,215.34442138671875,71.54193115234375,1,2.4101715087890625,1,-47.33161544799805,-10.746862411499023,449.7153930664063,0.63992840051651,0.5315988063812256,0.1046539917588234,1,0.1758382022380828,0.2802149057388305,-178.93728637695312,229.67921447753903,76.75936126708984,1,2.454315185546875,1,21.71485710144043,-12.81794548034668,451.78228759765625,0.4357720613479614,0.53755784034729,0.1049708873033523,1
3633514856,389486996906,0.1668252497911453,0.352813720703125,-183.91246032714844,208.4967498779297,69.04952239990234,1,2.440460205078125,1,-47.48890686035156,-11.075525283813477,449.6987609863281,0.6403993368148804,0.5325732827186584,0.1046697422862052,1,0.1677761673927307,0.2607139050960541,-183.38755798339844,235.36911010742188,78.830322265625,1,2.4654998779296875,1,21.591339111328125,-13.221439361572266,451.77337646484375,0.4361348450183868,0.5387479066848755,0.104964479804039,1
3633564822,389487046870,0.1683184802532196,0.3029868304729461,-183.08819580078125,223.0349578857422,74.34104919433594,1,2.41058349609375,1,-47.46767807006836,-10.562943458557127,449.6943054199219,0.6403378844261169,0.531055748462677,0.1046319603919982,1,0.1775558888912201,0.2811223864555359,-177.98915100097656,229.4144592285156,76.66300964355469,1,2.451904296875,1,21.61877822875977,-12.56564998626709,451.790283203125,0.4360563457012176,0.536813497543335,0.1049634367227554,1
3633614692,389487096739,0.1688416600227356,0.3078680336475372,-182.7993927001953,221.61070251464844,73.82271575927734,1,2.4242095947265625,1,-47.43236923217773,-10.861087799072266,449.6923522949219,0.6402338743209839,0.5319387316703796,0.1046347692608833,1,0.1759894490242004,0.2765531837940216,-178.8538055419922,230.7476043701172,77.14823913574219,1,2.4890289306640625,1,21.66820526123047,-12.817965507507324,451.7800903320313,0.435909241437912,0.5375580191612244,0.1049620360136032,1
3633664658,389487146702,0.1663317382335662,0.3446082174777984,-184.18487548828125,210.8908843994141,69.92100524902344,1,2.4377593994140625,1,-47.384220123291016,-10.910280227661133,449.7091979980469,0.6400861144065857,0.5320832133293152,0.1046605259180069,1,0.1796279400587082,0.2755955755710602,-176.8453826904297,231.02703857421875,77.24992370605469,1,2.444366455078125,1,21.691539764404297,-12.9024019241333,451.77581787109375,0.435839831829071,0.537807285785675,0.1049605086445808,1
3633714526,389487196569,0.1589938998222351,0.3271112143993377,-188.2353363037109,215.9960479736328,71.77912139892578,1,2.4264373779296875,1,-47.104469299316406,-11.01382064819336,449.7265930175781,0.6392523050308228,0.5323885083198547,0.1046416610479354,1,0.1775376498699188,0.2870592772960663,-177.99920654296875,227.6822204589844,76.03251647949219,1,2.4681396484375,1,21.846210479736328,-13.000338554382324,451.7617492675781,0.4353819489479065,0.5380971431732178,0.1049528792500495,1
3633764492,389487246533,0.1591951847076416,0.3113870322704315,-188.124252319336,220.583984375,73.44898223876953,1,2.3977813720703125,1,-46.91788101196289,-10.829769134521484,449.7442321777344,0.6386944055557251,0.5318422317504883,0.1046290919184684,1,0.17421355843544,0.2827779054641723,-179.83412170410156,228.9314117431641,76.4871597290039,1,2.424774169921875,1,22.01950454711914,-12.892992973327637,451.7540893554688,0.434870034456253,0.5377813577651978,0.1049482449889183,1
3633814362,389487296401,0.1583725661039352,0.3333743214607239,-188.5783233642578,214.1686553955078,71.11396789550781,1,2.41802978515625,1,-46.60640335083008,-11.021570205688477,449.78021240234375,0.637761116027832,0.5324075222015381,0.1046454459428787,1,0.1743007749319076,0.2853572368621826,-179.78598022460938,228.17881774902344,76.21330261230469,1,2.46246337890625,1,22.286602020263672,-13.099313735961914,451.7350769042969,0.4340799748897552,0.5383911728858948,0.104948304593563,1
3633864328,389487346366,0.1589832305908203,0.3541410863399505,-188.2412567138672,208.10943603515625,68.90861511230469,1,2.4184722900390625,1,-46.3929443359375,-11.064154624938965,449.8089599609375,0.6371203064918518,0.5325314998626709,0.1046608909964561,1,0.182290181517601,0.2937998175621032,-175.37583923339844,225.7154693603516,75.31670379638672,1,2.455718994140625,1,22.45564651489257,-13.269713401794434,451.7196350097656,0.4335793554782867,0.5388948321342468,0.1049440950155258,1
3633914198,389487396234,0.1665976047515869,0.3411787152290344,-184.03811645507807,211.8915405273437,70.28520202636719,1,2.4008026123046875,1,-46.3504753112793,-11.050421714782717,449.8108825683594,0.6369940638542175,0.5324907302856445,0.104655273258686,1,0.182329460978508,0.2838777601718902,-175.3541259765625,228.61050415039065,76.3703842163086,1,2.452484130859375,1,22.56430435180664,-13.26848030090332,451.7147216796875,0.4332583248615265,0.538891613483429,0.1049450039863586,1
3633964164,389487446199,0.1618260890245437,0.3378233611583709,-186.6720123291016,212.8705596923828,70.64151000976562,1,2.4043426513671875,1,-46.351348876953125,-11.18702507019043,449.8040771484375,0.63699871301651,0.5328956842422485,0.1046486794948577,1,0.177076444029808,0.2842997610569,-178.25381469726562,228.4873809814453,76.32556915283203,1,2.474822998046875,1,22.540958404541016,-13.386250495910645,451.7106323242188,0.4333265721797943,0.5392391681671143,0.1049415320158004,1
3634014033,389487496066,0.1606878936290741,0.330739289522171,-187.3002777099609,214.9375,71.39381408691406,1,2.410491943359375,1,-46.47153091430664,-11.125555992126465,449.7892761230469,0.6373590230941772,0.5327147245407104,0.1046408712863922,1,0.180431917309761,0.2888813018798828,-176.4015655517578,227.15057373046875,75.83903503417969,1,2.453765869140625,1,22.40568733215332,-13.26498317718506,451.7191162109375,0.4337265789508819,0.5388809442520142,0.1049378663301467,1
3634063999,389487546031,0.1633618026971817,0.3049966990947723,-185.82427978515625,222.44851684570312,74.12761688232422,1,2.417877197265625,1,-46.53652191162109,-11.301531791687012,449.7679443359375,0.6375579237937927,0.5332373380661011,0.104620486497879,1,0.1755363494157791,0.2933029234409332,-179.10394287109375,225.86050415039065,75.36944580078125,1,2.443817138671875,1,22.3767032623291,-13.376998901367188,451.7156982421875,0.4338115155696869,0.5392114520072937,0.1049347519874572,1
3634113869,389487595899,0.1497972160577774,0.3172032535076141,-193.3119354248047,218.8869781494141,72.831298828125,1,2.3652801513671875,1,-46.57744598388672,-11.040327072143556,449.7701721191406,0.6376784443855286,0.5324638485908508,0.104620486497879,1,0.1722623109817505,0.2886968851089477,-180.9111785888672,227.2043914794922,75.85858154296875,1,2.4672393798828125,1,22.316564559936523,-13.244096755981444,451.7189636230469,0.4339892864227295,0.5388193130493164,0.1049274876713752,1
3634163835,389487645864,0.148465558886528,0.3193864822387695,-194.0469970703125,218.2499389648437,72.59949493408203,1,2.4117584228515625,1,-46.553829193115234,-11.002310752868652,449.77288818359375,0.6376076936721802,0.5323510766029358,0.1046192049980163,1,0.1739202737808227,0.3039430677890777,-179.99600219726562,222.7559509277344,74.23949432373047,1,2.424560546875,1,22.338838577270508,-13.161076545715332,451.72113037109375,0.4339239299297333,0.5385744571685791,0.1049292609095573,1
3634213704,389487695731,0.1792701184749603,0.3480662405490875,-177.0428924560547,209.88189697265625,69.55376434326172,1,2.3541717529296875,1,-46.65884017944336,-11.036758422851562,449.78167724609375,0.6379159092903137,0.5324524641036987,0.1046599745750427,1,0.1851374059915542,0.3027041852474212,-173.80413818359375,223.117416381836,74.3710708618164,1,2.470809936523437,1,22.27793884277344,-13.315567016601562,451.72259521484375,0.4341036677360534,0.5390297770500183,0.1049351170659065,1
3634263669,389487745695,0.1749832779169082,0.3639188110828399,-179.4092254638672,205.25656127929688,67.8702163696289,1,2.389266967773437,1,-46.71401596069336,-10.876269340515137,449.7828674316406,0.6380788683891296,0.5319771766662598,0.104665957391262,1,0.1787853389978408,0.291106104850769,-177.31048583984375,226.5014495849609,75.60275268554688,1,2.4098358154296875,1,22.221336364746094,-13.162434577941896,451.72119140625,0.4342703223228454,0.538578450679779,0.104917787015438,1
3634313635,389487795659,0.1656278520822525,0.3449439108371734,-184.57342529296875,210.79293823242188,69.88534545898438,1,2.363616943359375,1,-46.90283203125,-11.214179039001465,449.7458801269531,0.6386492848396301,0.5329803228378296,0.1046479493379592,1,0.1789413392543792,0.2995672225952148,-177.22438049316406,224.03273010253903,74.70419311523438,1,2.429107666015625,1,22.046884536743164,-13.383066177368164,451.72857666015625,0.4347856640815735,0.5392282009124756,0.1049284636974334,1
3634363505,389487845528,0.1534768640995025,0.3569890260696411,-191.28076171875,207.27847290039065,68.60615539550781,1,2.403594970703125,1,-47.09021759033203,-11.480382919311523,449.7190246582031,0.6392124891281128,0.5337705612182617,0.1046468541026115,1,0.1788741648197174,0.2917014062404632,-177.26145935058594,226.3277587890625,75.53951263427734,1,2.44720458984375,1,21.848426818847656,-13.597541809082031,451.72406005859375,0.4353700280189514,0.5398608446121216,0.1049129664897918,1
3634413471,389487895493,0.1540680080652237,0.2979581356048584,-190.95448303222656,224.502197265625,74.87509155273438,1,2.3485565185546875,1,-47.11986923217773,-11.559466361999512,449.6904296875,0.6393091678619385,0.5340069532394409,0.1046002209186554,1,0.1796465218067169,0.2874511480331421,-176.83511352539062,227.56787109375,75.99089813232422,1,2.4264678955078125,1,21.7799015045166,-13.531271934509276,451.7325134277344,0.4355732500553131,0.5396647453308105,0.104919247329235,1
3634463341,389487945361,0.1612531095743179,0.3588787615299225,-186.98828125,206.72711181640625,68.40547180175781,1,2.3690643310546875,1,-47.160282135009766,-11.650166511535645,449.7093811035156,0.6394229531288147,0.5342740416526794,0.1046509370207786,1,0.177236869931221,0.2950725257396698,-178.16525268554688,225.3441619873047,75.18152618408203,1,2.4224853515625,1,21.74907493591309,-13.600529670715332,451.7280883789063,0.435663491487503,0.5398693084716797,0.1049116179347038,1
3634513307,389487995326,0.1525149643421173,0.3395123779773712,-191.81173706054688,212.37771606445312,70.462158203125,1,2.3815155029296875,1,-46.895877838134766,-11.612003326416016,449.7278442382813,0.6386342644691467,0.5341596603393555,0.1046307384967804,1,0.1770842373371124,0.2870336771011352,-178.24948120117188,227.689682006836,76.03523254394531,1,2.4132537841796875,1,21.90274238586425,-13.51260471343994,451.7222290039063,0.4352096617221832,0.5396106243133545,0.1049094870686531,1
3634563176,389488045193,0.1675049066543579,0.3319326043128967,-183.5372772216797,214.5893096923828,71.26709747314453,1,2.4037322998046875,1,-46.59146118164063,-11.464173316955566,449.7649841308594,0.6377215385437012,0.5337190628051758,0.1046341583132743,1,0.1807725727558136,0.2923154532909393,-176.21353149414062,226.1486053466797,75.47431945800781,1,2.4076385498046875,1,22.175424575805664,-13.356022834777832,451.7104187011719,0.4344041049480438,0.539150059223175,0.1049031987786293,1
3634613142,389488095158,0.1648603230714798,0.316782146692276,-184.99708557128903,219.00982666015625,72.87601470947266,1,2.40216064453125,1,-46.14281845092773,-11.326165199279783,449.8078918457031,0.6363801956176758,0.5333073139190674,0.1046205461025238,1,0.184057205915451,0.3055816292762756,-174.40042114257812,222.27786254882807,74.06549072265625,1,2.4122772216796875,1,22.591806411743164,-13.288089752197266,451.69281005859375,0.4331740140914917,0.5389513373374939,0.1049052104353904,1
3634663012,389488145026,0.1752399206161499,0.3432858884334564,-179.26756286621094,211.2766876220703,70.06138610839844,1,2.4102325439453125,1,-45.78337860107422,-11.293173789978027,449.8585205078125,0.6353008151054382,0.5332058668136597,0.104646548628807,1,0.1805974543094635,0.2975153923034668,-176.3101806640625,224.63136291503903,74.922119140625,1,2.431182861328125,1,22.99624824523925,-13.288580894470217,451.6735229492188,0.4319787919521332,0.5389544367790222,0.1049074679613113,1
3634712978,389488194991,0.1689189821481704,0.3380338251590729,-182.7567138671875,212.8091278076172,70.61915588378906,1,2.38287353515625,1,-45.48530578613281,-11.177031517028809,449.8879699707031,0.6344096660614014,0.5328599214553833,0.1046391576528549,1,0.1787023693323135,0.2904573976993561,-177.35630798339844,226.6907196044922,75.671630859375,1,2.414459228515625,1,23.335281372070312,-13.212409973144531,451.6538391113281,0.4309762716293335,0.538731575012207,0.1048983782529831,1
3634762846,389488244857,0.1512717306613922,0.3396778702735901,-192.4980010986328,212.32943725585932,70.44453430175781,1,2.4087371826171875,1,-45.1734619140625,-11.079384803771973,449.9163513183594,0.6334782242774963,0.5325688123703003,0.1046283543109893,1,0.1895606517791748,0.2919414043426513,-171.36251831054688,226.2577209472656,75.5140609741211,1,2.4311065673828125,1,23.62328338623047,-13.089153289794922,451.6458129882813,0.430125892162323,0.5383688807487488,0.1049051508307457,1
3634812812,389488294822,0.1566510200500488,0.3709895014762878,-189.5286102294922,203.1934814453125,67.11932373046875,1,2.4416656494140625,1,-44.965091705322266,-11.05726432800293,449.9503173828125,0.6328514814376831,0.5325009226799011,0.1046533212065696,1,0.1815133988857269,0.2935444414615631,-175.8046112060547,225.79000854492188,75.34383392333984,1,2.4696044921875,1,23.879608154296875,-13.069612503051758,451.6276245117188,0.4293673038482666,0.5383127927780151,0.1048945933580398,1
3634862682,389488344690,0.1725362092256546,0.3452399671077728,-180.760009765625,210.7065277099609,69.85388946533203,1,2.41217041015625,1,-44.62282943725586,-10.871742248535156,449.9845886230469,0.6318284869194031,0.5319493412971497,0.1046447157859802,1,0.1878611743450164,0.2803682684898376,-172.30062866210938,229.6344757080078,76.74308776855469,1,2.4462127685546875,1,24.20446014404297,-12.914600372314451,451.6118469238281,0.4284069836139679,0.5378570556640625,0.10488872975111,1
3634912648,389488394655,0.1671404540538787,0.3489666879177093,-183.7384796142578,209.6192169189453,69.45808410644531,1,2.4524078369140625,1,-44.28803634643555,-10.890091896057127,450.01666259765625,0.6308283805847168,0.5320013761520386,0.1046436131000518,1,0.1858675181865692,0.2922805547714233,-173.40113830566406,226.1587829589844,75.47802734375,1,2.480560302734375,1,24.517492294311523,-12.96180820465088,451.5944213867188,0.4274811744689941,0.5379977822303772,0.1048903837800026,1
3634962518,389488444523,0.1799247711896896,0.3485432267189026,-176.6815185546875,209.7427520751953,69.50308227539062,1,2.5009765625,1,-44.016239166259766,-11.111849784851074,450.0406188964844,0.6300171613693237,0.5326558351516724,0.1046489849686622,1,0.192064568400383,0.3037174642086029,-169.9803466796875,222.82174682617188,74.26344299316406,1,2.505035400390625,1,24.80951499938965,-13.22585678100586,451.5694885253906,0.4266160428524017,0.53877854347229,0.1048876941204071,1
3635012484,389488494488,0.1710950583219528,0.3515918254852295,-181.55552673339844,208.85324096679688,69.1793212890625,1,2.4859161376953125,1,-43.83859252929688,-11.176870346069336,450.0548706054688,0.6294873952865601,0.5328471660614014,0.1046461164951324,1,0.1860194653272628,0.3148349225521087,-173.31727600097656,219.5780029296875,73.08280944824219,1,2.536590576171875,1,25.012216567993164,-13.30318832397461,451.5573425292969,0.4260163307189941,0.5390076041221619,0.1048903167247772,1
3635062353,389488544356,0.1645960807800293,0.2920223474502563,-185.14295959472656,226.234115600586,75.50544738769531,1,2.5592498779296875,1,-43.7231674194336,-11.64334774017334,450.0276489257813,0.6291537284851074,0.5342294573783875,0.1045930758118629,1,0.1895596086978912,0.298980563879013,-171.3630828857422,224.20388793945312,74.76649475097656,1,2.551239013671875,1,25.09363555908203,-13.71921157836914,451.5364685058594,0.4257727861404419,0.5402363538742065,0.1048825085163116,1
3635112319,389488594320,0.1669385135173797,0.2986879348754883,-183.84996032714844,224.289291381836,74.79759216308594,1,2.5264434814453125,1,-43.73067474365234,-11.751347541809082,450.0276184082031,0.6291759610176086,0.5345490574836731,0.1046000942587852,1,0.1915852278470993,0.3107559084892273,-170.24493408203125,220.7681427001953,73.5159912109375,1,2.5643768310546875,1,25.09514045715332,-13.89516544342041,451.5314331054688,0.4257675111293793,0.5407556891441345,0.1048833653330802,1
3635162189,389488644189,0.1770849078893661,0.3541418313980102,-178.2490997314453,208.10919189453125,68.90853881835938,1,2.546844482421875,1,-43.77701950073242,-11.848462104797363,450.0443115234375,0.62930828332901,0.5348351001739502,0.1046472787857055,1,0.1831935346126556,0.3088456690311432,-174.87716674804688,221.32550048828125,73.71884155273438,1,2.5816192626953125,1,25.044374465942383,-14.024523735046388,451.529052734375,0.425916850566864,0.5411373972892761,0.1048809811472892,1
3635212155,389488694153,0.1649671047925949,0.3246610462665558,-184.93814086914065,216.71095275878903,72.03931427001953,1,2.5442352294921875,1,-43.77577209472656,-12.000062942504885,450.02532958984375,0.6293100714683533,0.5352851748466492,0.1046173125505447,1,0.1880661398172378,0.3091048002243042,-172.18748474121094,221.24986267089844,73.69136047363281,1,2.557235717773437,1,24.96610641479492,-14.20161247253418,451.5247192382813,0.4261469841003418,0.5416600108146667,0.1048747524619102,1
3635262121,389488744118,0.1581491827964782,0.3033360540866852,-188.70166015625,222.93307495117188,74.30394744873047,1,2.5981903076171875,1,-43.79816818237305,-12.094706535339355,450.0083923339844,0.6293811798095703,0.5355665683746338,0.1045929566025734,1,0.1881109029054641,0.2961172759532928,-172.1627655029297,225.039291381836,75.07061004638672,1,2.5584869384765625,1,24.887659072875977,-14.299871444702148,451.5233154296875,0.4263781011104584,0.5419499278068542,0.1048694476485252,1
3635311989,389488793984,0.1754400879144668,0.3096830546855926,-179.15704345703125,221.0811462402344,73.62994384765625,1,2.54473876953125,1,-43.878604888916016,-12.207980155944824,450.0061950683594,0.629619836807251,0.5359019041061401,0.1046102941036224,1,0.1875980645418167,0.3046349585056305,-172.44586181640625,222.5540771484375,74.16602325439453,1,2.58294677734375,1,24.79520034790039,-14.420047760009766,451.5276489257813,0.4266514778137207,0.5423040390014648,0.1048755496740341,1
3635361955,389488843949,0.1728522479534149,0.340190589427948,-180.58555603027344,212.17984008789065,70.3901138305664,1,2.5456695556640625,1,-43.93107223510742,-12.142730712890623,450.0133056640625,0.6297730803489685,0.5357083082199097,0.1046311035752296,1,0.1884504705667495,0.3131371438503265,-171.97532653808594,220.07334899902344,73.26311492919922,1,2.5903472900390625,1,24.74677848815918,-14.406362533569336,451.5289916992188,0.4267945289611816,0.5422635078430176,0.1048721298575401,1
3635411825,389488893817,0.1674332022666931,0.3339725136756897,-183.57684326171875,213.99411010742188,71.0504379272461,1,2.5522613525390625,1,-43.92500686645508,-12.22542953491211,450.0070190429688,0.6297569274902344,0.5359535217285156,0.1046218872070312,1,0.1871608793735504,0.3094205856323242,-172.6871795654297,221.15773010253903,73.65779876708984,1,2.576202392578125,1,24.74155044555664,-14.55454444885254,451.5236511230469,0.4268090426921844,0.542701005935669,0.1048702970147132,1
3635461791,389488943782,0.1796288043260574,0.3251623809337616,-176.8448944091797,216.564682006836,71.986083984375,1,2.529083251953125,1,-43.875938415527344,-12.055638313293455,450.0166320800781,0.6296089887619019,0.535450279712677,0.1046223789453506,1,0.1806142926216125,0.3017150163650512,-176.3009033203125,223.40603637695312,74.47610473632812,1,2.593994140625,1,24.80337905883789,-14.419116020202637,451.521240234375,0.4266263246536255,0.5423018336296082,0.1048636510968208,1
3635511661,389488993650,0.1572511196136474,0.3300358951091766,-189.1973571777344,215.1427154541016,71.468505859375,1,2.588043212890625,1,-43.83099365234375,-11.970257759094238,450.016845703125,0.6294758915901184,0.5351976752281189,0.1046094968914985,1,0.1861437559127807,0.3012596666812897,-173.24864196777344,223.53890991210932,74.52448272705078,1,2.597930908203125,1,24.846630096435547,-14.32386875152588,451.5203247070313,0.4264986217021942,0.5420210361480713,0.1048605367541313,1
3635561627,389489043616,0.1798488199710846,0.3563145399093628,-176.7234649658203,207.47528076171875,68.67782592773438,1,2.58770751953125,1,-43.86636734008789,-11.93190574645996,450.0305480957031,0.6295766234397888,0.5350830554962158,0.1046416610479354,1,0.184523195028305,0.2988128662109375,-174.1431884765625,224.25282287597656,74.78431701660156,1,2.6157379150390625,1,24.90550994873047,-14.390259742736816,451.5149230957031,0.4263240694999695,0.5422173738479614,0.1048604100942611,1
3635611496,389489093486,0.1636993438005447,0.3256716728210449,-185.63796997070312,216.4161071777344,71.93196868896484,1,2.555877685546875,1,-43.79814529418945,-11.695759773254396,450.0271606445313,0.6293757557868958,0.5343846082687378,0.104609377682209,1,0.1827433854341507,0.291731059551239,-175.12567138671875,226.3191375732422,75.536376953125,1,2.601409912109375,1,24.99803924560547,-14.181370735168455,451.50885009765625,0.4260502159595489,0.541601836681366,0.1048452779650688,1
3635661462,389489143452,0.1717332899570465,0.3245055973529815,-181.2032165527344,216.75631713867188,72.05583190917969,1,2.6077880859375,1,-43.76064300537109,-11.771493911743164,450.0301513671875,0.6292638778686523,0.5346084833145142,0.1046119406819343,1,0.1820698529481887,0.3103797137737274,-175.4974365234375,220.87789916992188,73.55595397949219,1,2.636383056640625,1,25.052005767822266,-14.214062690734863,451.5118408203125,0.4258915483951568,0.5416979789733887,0.1048593148589134,1
3635711332,389489193323,0.1777426749467849,0.3082740604877472,-177.8860626220703,221.4922790527344,73.77958679199219,1,2.646697998046875,1,-43.84648895263672,-11.784655570983888,450.0160217285156,0.6295220255851746,0.5346485376358032,0.1046011373400688,1,0.1883210986852646,0.2891155183315277,-172.04673767089844,227.08224487304688,75.81414794921875,1,2.6115875244140625,1,25.002683639526367,-14.191509246826172,451.50872802734375,0.4260364770889282,0.5416317582130432,0.104846253991127,1
3635761298,389489243290,0.1638804078102111,0.3286067247390747,-185.5380249023437,215.55972290039065,71.62028503417969,1,2.6659393310546875,1,-43.93245315551758,-11.897990226745604,450.0074157714844,0.6297788619995117,0.5349845290184021,0.1046066284179687,1,0.1847518533468246,0.303162008523941,-174.0169677734375,222.9838409423828,74.32244110107422,1,2.6587677001953125,1,24.8867416381836,-14.26435661315918,451.5137023925781,0.4263792634010315,0.5418461561203003,0.1048479005694389,1
3635811166,389489293159,0.1750653237104416,0.3259060680866241,-179.36392211914062,216.3477020263672,71.90704345703125,1,2.623199462890625,1,-43.96669769287109,-12.015902519226074,450.0034484863281,0.6298813223838806,0.5353337526321411,0.1046116352081298,1,0.184735894203186,0.3080439269542694,-174.02578735351562,221.55943298339844,73.80400085449219,1,2.644271850585937,1,24.849815368652344,-14.393010139465332,451.5117492675781,0.4264878332614898,0.5422257781028748,0.1048481464385986,1
3635861132,389489343125,0.1816891282796859,0.3457643091678619,-175.7075958251953,210.55357360839844,69.79820251464844,1,2.6250457763671875,1,-43.92035675048828,-12.016535758972168,450.0168762207031,0.629740297794342,0.535334587097168,0.1046293973922729,1,0.1839702129364013,0.3004559278488159,-174.44842529296875,223.77340698242188,74.60983276367188,1,2.6278533935546875,1,24.895479202270508,-14.376519203186035,451.5054016113281,0.4263521134853363,0.542177677154541,0.104839414358139,1
3635911002,389489392996,0.1573681533336639,0.3245010673999786,-189.13278198242188,216.75765991210932,72.05628967285156,1,2.667144775390625,1,-43.76235580444336,-12.198403358459473,450.0107116699219,0.6292745471000671,0.5358732342720032,0.1045961901545524,1,0.1766495257616043,0.2948838174343109,-178.4894256591797,225.3991851806641,75.20155334472656,1,2.633392333984375,1,24.994264602661133,-14.558633804321287,451.491943359375,0.4260585904121399,0.5427160859107971,0.1048350855708122,1
3635960968,389489442963,0.1611163318157196,0.3239906132221222,-187.06378173828125,216.90658569335932,72.11052703857422,1,2.6397857666015625,1,-43.68732452392578,-12.092456817626951,450.0220642089844,0.6290492415428162,0.535558819770813,0.1045986339449882,1,0.1796733886003494,0.2983274757862091,-176.82029724121094,224.3944396972656,74.83587646484375,1,2.6259307861328125,1,25.080495834350582,-14.503798484802246,451.4885864257813,0.4258036911487579,0.5425546765327454,0.1048344150185585,1
3636010838,389489492834,0.1594022661447525,0.3238138258457184,-188.00994873046875,216.9581451416016,72.12928771972656,1,2.5980224609375,1,-43.618160247802734,-12.164069175720217,450.0261535644531,0.6288434267044067,0.5357704162597656,0.1045972257852554,1,0.1823474317789077,0.3119125962257385,-175.34422302246094,220.4306488037109,73.39315795898438,1,2.61090087890625,1,25.12311172485352,-14.533015251159668,451.4882507324219,0.4256779551506042,0.5426409244537354,0.1048403307795524,1
3636060804,389489542801,0.1495614200830459,0.2967632710933685,-193.44210815429688,224.850830078125,75.00200653076172,1,2.650970458984375,1,-43.71702194213867,-12.257040977478027,449.9977416992188,0.6291441321372986,0.5360478162765503,0.1045648157596588,1,0.1830785274505615,0.2940146327018738,-174.9406280517578,225.65280151367188,75.29387664794922,1,2.6005096435546875,1,25.031482696533203,-14.591672897338867,451.486572265625,0.4259479343891144,0.5428140163421631,0.1048306301236152,1
3636110673,389489592671,0.1626980155706405,0.3212345838546753,-186.1906890869141,217.71075439453125,72.40319061279297,1,2.5807647705078125,1,-43.85722732543945,-12.159730911254885,450.0021362304688,0.629557728767395,0.535759449005127,0.1045954599976539,1,0.1834852993488311,0.3032569289207458,-174.71609497070312,222.9561309814453,74.31234741210938,1,2.600570678710937,1,24.920381546020508,-14.511778831481934,451.4934997558594,0.4262767136096954,0.5425777435302734,0.1048270240426063,1
3636160639,389489642638,0.1729055941104889,0.3501193821430206,-180.5561065673828,209.2828826904297,69.33567810058594,1,2.591766357421875,1,-43.98950958251953,-12.236122131347656,450.00091552734375,0.6299495697021484,0.5359856486320496,0.1046228632330894,1,0.187010258436203,0.3013418316841125,-172.7703094482422,223.514892578125,74.51576232910156,1,2.6163482666015625,1,24.796655654907227,-14.602107048034668,451.50006103515625,0.4266427159309387,0.5428435802459717,0.1048323959112167,1
3636210509,389489692509,0.1499921828508377,0.3269591033458709,-193.20431518554688,216.0404510498047,71.7952651977539,1,2.59698486328125,1,-44.21176528930664,-12.17564868927002,449.96337890625,0.630618155002594,0.5358096957206726,0.1045882552862167,1,0.1773317903280258,0.3044518530368805,-178.1128387451172,222.60748291015625,74.18546295166016,1,2.627548217773437,1,24.573246002197266,-14.457462310791016,451.51568603515625,0.4273041188716888,0.54241544008255,0.1048298925161361,1
3636260475,389489742476,0.1656452268362045,0.3456248641014099,-184.56382751464844,210.59426879882807,69.8130111694336,1,2.5689239501953125,1,-44.40792846679688,-12.07813549041748,449.9591064453125,0.6311999559402466,0.5355214476585388,0.1046129167079925,1,0.173914834856987,0.3019919991493225,-179.99899291992188,223.32521057128903,74.44671630859375,1,2.61407470703125,1,24.38458824157715,-14.34850025177002,451.5222473144531,0.427861601114273,0.5420935153961182,0.1048156097531318,1
3636310441,389489792443,0.1654887199401855,0.3318773210048675,-184.6502227783203,214.60543823242188,71.27297973632812,1,2.58111572265625,1,-44.49361038208008,-11.92762565612793,449.9486389160156,0.6314566135406494,0.5350768566131592,0.1046009510755539,1,0.1808173209428787,0.2992512285709381,-176.1887969970703,224.1248779296875,74.73776245117188,1,2.5976104736328125,1,24.34830474853516,-14.282367706298828,451.5311584472656,0.4279700219631195,0.5418976545333862,0.1048253178596496,1
3636360309,389489842312,0.1523459553718567,0.3255771696567535,-191.905029296875,216.4436798095703,71.94202423095703,1,2.5772705078125,1,-44.551116943359375,-11.85389804840088,449.937255859375,0.6316301226615906,0.5348595380783081,0.1045857518911361,1,0.1763590276241302,0.3054548799991607,-178.64979553222656,222.31480407714844,74.0789566040039,1,2.6262359619140625,1,24.3288516998291,-14.205888748168944,451.5326843261719,0.4280276298522949,0.5416719317436218,0.1048214733600616,1
3636410275,389489892279,0.1725232750177383,0.3442534506320953,-180.76715087890625,210.9944000244141,69.95867156982422,1,2.5631561279296875,1,-44.79124069213867,-11.826868057250977,449.92767333984375,0.632343590259552,0.5347802639007568,0.1046126708388328,1,0.175279825925827,0.2932668030261993,-179.24551391601562,225.8710021972656,75.37328338623047,1,2.582870483398437,1,24.17966651916504,-14.177640914916992,451.5372619628906,0.4284683167934418,0.5415881872177124,0.1048128083348274,1
3636460145,389489942151,0.1616191864013672,0.3125340044498443,-186.7862091064453,220.2493133544922,73.32720184326172,1,2.5927734375,1,-45.0644416809082,-11.795181274414062,449.8840942382813,0.6331650614738464,0.5346899032592773,0.1045786142349243,1,0.1837623715400695,0.3007273972034454,-174.56317138671875,223.6942138671875,74.58100891113281,1,2.587127685546875,1,23.92315673828125,-14.074033737182615,451.5586853027344,0.429228127002716,0.5412806868553162,0.1048218384385109,1
3636510111,389489992118,0.1591503620147705,0.3376008868217468,-188.1490173339844,212.9354553222656,70.66512298583984,1,2.5443878173828125,1,-45.276763916015625,-11.814234733581545,449.8714294433594,0.6337973475456238,0.5347472429275513,0.1045968607068061,1,0.1785258650779724,0.300044298171997,-177.4537353515625,223.8935394287109,74.65353393554688,1,2.587249755859375,1,23.737689971923828,-14.052143096923828,451.5657043457031,0.4297761619091034,0.5412154793739319,0.1048149392008781,1
3636559981,389490041989,0.1714837998151779,0.3139451742172241,-181.34092712402344,219.83758544921875,73.17730712890625,1,2.5956573486328125,1,-45.33816909790039,-11.93349266052246,449.8558349609375,0.6339837312698364,0.5351014733314514,0.1045843511819839,1,0.1814774125814438,0.2950079441070556,-175.82444763183594,225.3629608154297,75.18838500976562,1,2.57452392578125,1,23.660621643066406,-14.18024444580078,451.56494140625,0.4300033152103424,0.5415933132171631,0.104813352227211,1
3636609947,389490091956,0.1598670780658722,0.3374239504337311,-187.75338745117188,212.98709106445312,70.68391418457031,1,2.578704833984375,1,-45.295223236083984,-11.807862281799316,449.86865234375,0.6338528394699097,0.5347286462783813,0.10459466278553,1,0.1711057275533676,0.2978345155715942,-181.54962158203125,224.5382537841797,74.88822937011719,1,2.552459716796875,1,23.63970375061035,-14.080558776855469,451.56640625,0.4300652146339416,0.5412992238998413,0.104807861149311,1
3636659816,389490141827,0.1576406508684158,0.3218993246555328,-188.9823760986328,217.51678466796875,72.33258056640625,1,2.5727996826171875,1,-45.29140472412109,-11.899553298950195,449.8592224121094,0.6338443160057068,0.5350008010864258,0.1045799553394317,1,0.1827763319015503,0.2990498542785644,-175.10743713378906,224.1836395263672,74.7591323852539,1,2.582748413085937,1,23.641908645629883,-14.08012580871582,451.57025146484375,0.4300593137741089,0.5412976145744324,0.104815736413002,1
3636709782,389490191794,0.1498719602823257,0.3172759115695953,-193.2706756591797,218.8657684326172,72.82357788085938,1,2.599395751953125,1,-45.1114501953125,-12.041502952575684,449.8682861328125,0.6333089470863342,0.5354202389717102,0.1045695170760154,1,0.1807774156332016,0.2940067946910858,-176.21083068847656,225.65505981445312,75.29471588134766,1,2.5557403564453125,1,23.752775192260746,-14.25571060180664,451.5509948730469,0.4297293722629547,0.5418171286582947,0.1047998666763305,1
3636759652,389490241666,0.1728173643350601,0.3402265608310699,-180.6048126220703,212.1693420410156,70.38629913330078,1,2.56927490234375,1,-44.90785598754883,-12.060233116149902,449.9053649902344,0.6326953172683716,0.5354726910591125,0.1046038195490837,1,0.1795843839645385,0.292478084564209,-176.86940002441406,226.10110473632807,75.4570541381836,1,2.553436279296875,1,23.969751358032227,-14.328739166259766,451.5370178222656,0.4290873408317566,0.542033851146698,0.1047995015978813,1
3636809618,389490291633,0.0825478583574295,0.6556118726730347,-230.43359375,120.14796447753906,36.89323425292969,1,2.708770751953125,1,-45.22747039794922,-13.718234062194824,460.160400390625,0.6306580901145935,0.5394752025604248,0.1251622885465622,1,0.1729066371917724,0.6707443594932556,-180.55552673339844,115.73267364501952,35.28619384765625,1,2.5227203369140625,1,24.231273651123047,-15.853229522705078,455.6161804199219,0.4289558827877044,0.5461111068725586,0.113070860505104,1
3636859486,389490341502,0.0660825818777084,0.9239874482154846,-239.5224151611328,41.84273147583008,8.392483711242676,1,2.8302001953125,1,-45.229862213134766,-14.535648345947266,462.2642517089844,0.6300693154335022,0.5416492223739624,0.1293981969356537,1,0.1050628572702407,0.9115453362464904,-218.0053100585937,45.47304916381836,9.713809967041016,1,2.4261627197265625,1,24.94006729125977,-17.015920639038086,464.4585571289063,0.428272008895874,0.5485625267028809,0.1308776289224624,1
3636909452,389490391470,0.0696815550327301,0.9696322083473206,-237.5357818603516,28.52476692199707,3.5451443195343018,1,2.8790435791015625,1,-45.11138153076172,-14.53164768218994,461.4175415039063,0.6299664378166199,0.5417145490646362,0.1276903748512268,1,0.109376847743988,0.9056354761123656,-215.6240081787109,47.19742202758789,10.34144115447998,1,2.4474639892578125,1,25.02851676940918,-17.051712036132812,462.63916015625,0.427736222743988,0.5488573908805847,0.1272587329149246,1
3636959418,389490441437,0.0945447534322738,0.9328360557556152,-223.811279296875,39.26094055175781,7.452791690826416,1,2.9004058837890625,1,-45.55124282836914,-14.626383781433104,465.4098815917969,0.6301081776618958,0.5416258573532104,0.1357247978448867,1,0.1050130277872085,0.8877023458480835,-218.03277587890625,52.429805755615234,12.245888710021973,1,2.4835968017578125,1,25.39171028137207,-17.12126350402832,467.061279296875,0.4273827970027923,0.5485910177230835,0.1361284106969833,1
3637009384,389490491405,0.1306661963462829,0.9192879796028136,-203.87225341796875,43.21395492553711,8.891524314880371,1,2.9232940673828125,1,-45.59805679321289,-14.672111511230469,466.5309448242188,0.6299286484718323,0.5416557788848877,0.1379670947790146,1,0.1070939600467681,0.9042254090309144,-216.88412475585932,47.60881805419922,10.491147994995115,1,2.5316314697265625,1,25.680482864379883,-17.143234252929688,468.3755187988281,0.4267649352550506,0.5485165119171143,0.1387843042612075,1
3637059254,389490541276,0.1255916655063629,0.8989627957344055,-206.67340087890625,49.14431381225586,11.050025939941406,1,2.8794403076171875,1,-45.31754302978516,-14.545580863952637,466.0151062011719,0.6292711496353149,0.5413405895233154,0.1368785351514816,1,0.1126972436904907,0.890984058380127,-213.79112243652344,51.47228240966797,11.897357940673828,1,2.49407958984375,1,25.893495559692383,-17.04979133605957,467.4940490722656,0.4260205030441284,0.548342227935791,0.1370418667793274,1
3637109220,389490591244,0.1248052865266799,0.9101483821868896,-207.1074981689453,45.88064956665039,9.862168312072754,1,2.8291015625,1,-44.93048858642578,-14.509565353393556,464.1261291503906,0.6286876797676086,0.5414063930511475,0.1330430954694748,1,0.1143930926918983,0.8869757652282715,-212.85501098632807,52.64177322387695,12.323012351989746,1,2.459686279296875,1,26.0372257232666,-17.049335479736328,465.7366027832031,0.4253312349319458,0.5485242009162903,0.1335506588220596,1
3637159090,389490641115,0.117414191365242,0.9134790897369384,-211.18734741210932,44.9088249206543,9.508460998535156,1,2.791351318359375,1,-44.588356018066406,-14.563193321228027,461.9234619140625,0.6283160448074341,0.5417595505714417,0.1285978406667709,1,0.1208369880914688,0.9039872884750366,-209.29800415039065,47.67826843261719,10.51644229888916,1,2.4053192138671875,1,26.01018142700196,-17.016469955444336,463.1147766113281,0.4249875545501709,0.5487056970596313,0.1283132880926132,1
3637209056,389490691083,0.1160788536071777,0.8779013752937317,-211.9244842529297,55.28948593139648,13.286700248718262,1,2.718109130859375,1,-44.250919342041016,-14.617700576782228,459.2083129882813,0.6280975341796875,0.5421658158302307,0.123133972287178,1,0.1213304921984672,0.8964198231697083,-209.02557373046875,49.88628768920898,11.320107460021973,1,2.3256988525390625,1,25.93459701538086,-17.03069305419922,460.6087036132813,0.4247991144657135,0.5490130186080933,0.1233049929141998,1
3637243224,389490725253,0.0995812118053436,0.9022644758224488,-221.0311584472656,48.18097305297852,10.699405670166016,1,2.575439453125,1,-44.13321304321289,-14.603591918945312,459.1287536621094,0.6277784109115601,0.5421322584152222,0.1229522675275802,1,0.1237160265445709,0.9027758240699768,-207.7087554931641,48.03179931640625,10.645115852355955,1,2.29888916015625,1,26.00137710571289,-17.07460594177246,460.5626220703125,0.4245985448360443,0.5491449236869812,0.1232238188385963,1
3637258925,389490740954,0.1205466091632843,0.9138010740280152,-209.458251953125,44.81484603881836,9.474238395690918,1,2.53643798828125,1,-44.1681022644043,-14.627544403076172,459.6381530761719,0.6277376413345337,0.5421546697616577,0.1239741221070289,1,0.123850978910923,0.901915967464447,-207.63424682617188,48.28264236450195,10.736428260803224,1,2.285675048828125,1,26.04529571533203,-17.085369110107422,460.887451171875,0.4245246648788452,0.5491412281990051,0.1238777488470077,1
3637308891,389490790922,0.1133884713053703,0.9298042058944702,-213.40956115722656,40.14558029174805,7.774741172790527,1,2.7154083251953125,1,-43.90544891357422,-14.676116943359377,458.8453063964844,0.6271964907646179,0.5423688888549805,0.1223493665456771,1,0.1185057535767555,0.9047973155975342,-210.5848388671875,47.44196701049805,10.430425643920898,1,2.241546630859375,1,26.113357543945312,-17.071199417114258,459.8824768066406,0.4241631031036377,0.5492080450057983,0.1218789666891098,1
3637358857,389490840890,0.106933481991291,0.9066843390464784,-216.97271728515625,46.89136505126953,10.230019569396973,1,2.6681365966796875,1,-43.67099380493164,-14.673995018005373,458.53515625,0.6266018152236938,0.5423915386199951,0.12168750166893,1,0.123050644993782,0.9009414315223694,-208.07601928710932,48.56697845458984,10.839922904968262,1,2.2405548095703125,1,26.273176193237305,-17.13173484802246,459.867919921875,0.4236979484558105,0.5493848919868469,0.1218726187944412,1
3637408727,389490890761,0.1064089611172676,0.9140715003013612,-217.26226806640625,44.73599243164063,9.445513725280762,1,2.6400604248046875,1,-43.50231170654297,-14.459847450256348,458.9869995117188,0.6259875893592834,0.5417283177375793,0.1225413233041763,1,0.1139644235372543,0.9101871848106384,-213.0916748046875,45.86935806274414,9.858040809631348,1,2.1970977783203125,1,26.449562072753903,-16.91322898864746,459.95654296875,0.4232019484043121,0.5487427115440369,0.1220534667372703,1
3637458693,389490940729,0.1022408455610275,0.9182881712913512,-219.56304931640625,43.505638122558594,8.997708320617676,1,2.6522979736328125,1,-43.26530838012695,-14.401937484741213,458.5607299804688,0.62541663646698,0.5415990948677063,0.1216447129845619,1,0.1202284321188926,0.8849198222160339,-209.6339111328125,53.24170684814453,12.541356086730955,1,2.187286376953125,1,26.607481002807617,-16.85671615600586,459.593994140625,0.422683984041214,0.5486176013946533,0.121344119310379,1
3637508659,389490990697,0.1145978718996048,0.916456937789917,-212.74197387695312,44.039947509765625,9.192241668701172,1,2.677032470703125,1,-43.21857452392578,-14.271146774291992,459.0048828125,0.6251594424247742,0.5411792397499084,0.1225117817521095,1,0.1157431900501251,0.8813276886940002,-212.1097717285156,54.289798736572266,12.922843933105469,1,2.1936798095703125,1,26.80316162109375,-16.79768180847168,460.10931396484375,0.4222039878368377,0.5483920574188232,0.1223906874656677,1
3637558527,389491040567,0.1062535867094993,0.9136862754821776,-217.3480224609375,44.84838104248047,9.48641300201416,1,2.650253295898437,1,-43.31855773925781,-14.05314826965332,459.790283203125,0.6252349019050598,0.5404771566390991,0.1240802630782127,1,0.1203553453087806,0.8819045424461365,-209.5638427734375,54.12147903442383,12.861600875854492,1,2.1978912353515625,1,26.901700973510746,-16.607423782348633,460.7642211914063,0.4220294654369354,0.5477730631828308,0.1236951872706413,1
3637608493,389491090534,0.1144942343235015,0.8851736187934875,-212.79917907714844,53.16762161254883,12.514421463012695,1,2.6341552734375,1,-43.48884963989258,-14.024545669555664,459.96771240234375,0.6256794333457947,0.5403786301612854,0.1244636848568916,1,0.1206009835004806,0.8947600722312927,-209.42823791503903,50.37051773071289,11.496339797973633,1,2.202377319335937,1,26.875844955444336,-16.515588760375977,461.1572265625,0.4221704006195068,0.547467052936554,0.1244697272777557,1
3637658363,389491140407,0.0873799324035644,0.8992254734039307,-227.76629638671875,49.06769561767578,11.022098541259766,1,2.651214599609375,1,-43.65241622924805,-13.87260913848877,460.1585693359375,0.6261005997657776,0.5399221181869507,0.124865174293518,1,0.1156922280788421,0.8841441869735718,-212.13784790039065,53.46796798706055,12.623748779296877,1,2.22003173828125,1,26.769481658935547,-16.391637802124023,461.24908447265625,0.4224929213523865,0.5470997095108032,0.1246318370103836,1
3637708233,389491190279,0.1099541634321212,0.907755970954895,-215.3052978515625,46.57867813110352,10.116239547729492,1,2.700439453125,1,-44.01217269897461,-13.743857383728027,460.6404724121094,0.6270084381103516,0.5395078659057617,0.1258847117424011,1,0.10976243019104,0.8932729363441467,-215.4111175537109,50.80446243286133,11.654279708862305,1,2.2044219970703125,1,26.612403869628903,-16.24071502685547,461.8225402832031,0.423041820526123,0.5466057658195496,0.1257473826408386,1
3637758199,389491240247,0.1156908273696899,0.9217199683189392,-212.13864135742188,42.50432586669922,8.633294105529785,1,2.7108612060546875,1,-44.27391815185547,-13.574060440063477,460.01409912109375,0.6279394030570984,0.5390704870223999,0.1246780976653099,1,0.1197597905993461,0.8990065455436707,-209.89259338378903,49.13155364990234,11.045404434204102,1,2.265899658203125,1,26.33203887939453,-16.0797061920166,461.3109436035156,0.4237659871578216,0.5461929440498352,0.124683104455471,1
3637808068,389491290118,0.1082952693104744,0.9244288206100464,-216.22100830078125,41.71394348144531,8.345637321472168,1,2.70635986328125,1,-44.58205032348633,-13.430456161499023,460.0423889160156,0.6288233995437622,0.5386524200439453,0.1247852146625518,1,0.1162547096610069,0.8881006240844727,-211.827392578125,52.31360626220703,12.203574180603027,1,2.2533111572265625,1,26.06949806213379,-15.976921081542969,461.3772277832031,0.4245346784591675,0.5458895564079285,0.1247785612940788,1
3637858034,389491340086,0.1025544106960296,0.8894304633140564,-219.3899688720703,51.92560195922852,12.062341690063477,1,2.6568145751953125,1,-45.062129974365234,-13.270437240600586,460.3156433105469,0.6301355957984924,0.5381664037704468,0.125412717461586,1,0.117004357278347,0.8960406184196472,-211.41358947753903,49.99693298339844,11.36037826538086,1,2.272079467773437,1,25.73432922363281,-15.745755195617676,461.7345581054688,0.4255595207214355,0.54518723487854,0.1254382282495498,1
3638007836,389491489895,0.1217493787407875,0.9257941842079164,-208.7943572998047,41.31557083129883,8.200628280639648,1,2.657562255859375,1,-46.64421463012695,-12.98110580444336,460.7301025390625,0.6345910429954529,0.5372956395149231,0.1265342384576797,1,0.1146911531686782,0.8892156481742859,-212.69046020507807,51.9882698059082,12.085176467895508,1,2.285995483398437,1,24.390644073486328,-15.259443283081056,462.3516845703125,0.4295285940170288,0.5437259674072266,0.1264919489622116,1
3638262373,389491744443,0.0743800401687622,0.7692089080810547,-234.9422149658203,87.00318908691406,24.829545974731445,1,3.44207763671875,1,-63.6190299987793,-15.92830753326416,601.40283203125,0.6406427025794983,0.5350453853607178,0.4099362790584564,1,0.2663359940052032,0.7971194982528687,-128.98252868652344,78.8595962524414,21.86551094055176,1,3.86322021484375,1,29.453632354736328,-18.87702751159668,603.9734497070312,0.4348378181457519,0.5413966178894043,0.4099715650081634,1
3638319443,389491801516,0.0677370131015777,0.7594997882843018,-238.6091461181641,89.83609008789062,25.860576629638672,1,3.4939422607421875,1,-63.91754913330078,-16.077207565307617,601.3670043945312,0.6413121223449707,0.5353772044181824,0.4099358022212982,1,0.089687094092369,0.6894013285636902,-226.49270629882807,110.28899383544922,33.30492401123047,1,3.365463256835937,1,29.16121292114257,-19.043025970458984,603.9824829101562,0.4354834854602813,0.5417619943618774,0.409971684217453,1
3638336134,389491818207,0.0778039768338203,0.7517281770706177,-233.05221557617188,92.10368347167967,26.68592643737793,1,3.445465087890625,1,-61.893985748291016,-15.560070037841797,582.9349365234375,0.6411648392677307,0.5353215336799622,0.3728360533714294,1,-0.0030609520617872,0.7674162983894348,-277.68963623046875,87.52623748779297,25.019943237304688,1,2.88214111328125,1,27.264375686645508,-17.501649856567383,557.5364379882812,0.4346579313278198,0.5415781140327454,0.3169539868831634,1
3638369312,389491851387,0.1141646429896354,0.8755149841308594,-212.98110961914065,55.98578643798828,13.540156364440918,1,2.753646850585937,1,-48.88466644287109,-12.287083625793455,462.9964599609375,0.6403748393058777,0.5351158976554871,0.1314642280340194,1,0.1065240055322647,0.8948249816894531,-217.19874572753903,50.35162734985352,11.48943042755127,1,2.3934326171875,1,22.739795684814453,-14.460246086120604,465.62249755859375,0.4347433149814605,0.5411316156387329,0.1328032910823822,1
3638419182,389491901259,0.1283324062824249,0.8705750107765198,-205.16050720214844,57.42710876464844,14.064770698547363,1,2.7581787109375,1,-48.75144958496094,-12.379143714904783,460.43695068359375,0.6407711505889893,0.5355786085128784,0.1263522952795028,1,0.108956828713417,0.9023934602737428,-215.8558349609375,48.14331817626953,10.68569564819336,1,2.408843994140625,1,22.4788761138916,-14.419970512390137,462.9631958007813,0.4351202249526977,0.5412533283233643,0.1274656951427459,1
3638469051,389491951131,0.118551529943943,0.8866702318191528,-210.5595703125,52.7309684753418,12.355469703674316,1,2.8318328857421875,1,-48.64309310913086,-12.326139450073242,459.3774719238281,0.6407822370529175,0.5355075001716614,0.1242202147841453,1,0.1092920303344726,0.8919453024864197,-215.6708221435547,51.19184494018555,11.79527759552002,1,2.43414306640625,1,22.37648200988769,-14.464391708374023,461.51898193359375,0.4352133572101593,0.5415112376213074,0.1245748922228813,1
3638518921,389492001004,0.1019792109727859,0.903403103351593,-219.7074737548828,47.84872817993164,10.578524589538574,1,2.8522186279296875,1,-48.50254440307617,-12.26044464111328,458.76751708984375,0.6405617594718933,0.5353643298149109,0.1229744255542755,1,0.1049877554178237,0.9151583313941956,-218.0467529296875,44.41887283325195,9.33010196685791,1,2.4614410400390625,1,22.35590553283692,-14.344639778137209,460.7949523925781,0.435171365737915,0.5412307977676392,0.1231197491288185,1
3638568790,389492050875,0.1067601293325424,0.9022812247276306,-217.06842041015625,48.17609786987305,10.697653770446776,1,2.811431884765625,1,-48.48407745361328,-12.152684211730955,458.6736145019531,0.6405369639396667,0.5350587368011475,0.1227781400084495,1,0.1049796491861343,0.9186275601387024,-218.05123901367188,43.4066047668457,8.96170425415039,1,2.4525909423828125,1,22.40170669555664,-14.331485748291016,460.8443603515625,0.4350459575653076,0.5411882996559143,0.123222105205059,1
3638618756,389492100844,0.1006743684411048,0.9244199395179749,-220.42774963378903,41.71654891967773,8.346543312072754,1,2.7970123291015625,1,-48.52777862548828,-12.084217071533203,459.1175231933594,0.640527606010437,0.5348260402679443,0.1236663237214088,1,0.1063639000058174,0.918588399887085,-217.28713989257807,43.41807174682617,8.965846061706543,1,2.4347381591796875,1,22.3963565826416,-14.205708503723145,461.1726379394531,0.4351074695587158,0.5407956838607788,0.1238692626357078,1
3638668722,389492150812,0.114966981112957,0.9146610498428344,-212.5382080078125,44.563961029052734,9.382912635803224,1,2.8043212890625,1,-48.81821441650391,-12.38941478729248,460.3021545410156,0.6410055756568909,0.535618782043457,0.1260989308357238,1,0.1068216189742088,0.9127210378646852,-217.03445434570312,45.130001068115234,9.58896255493164,1,2.40057373046875,1,22.3662338256836,-14.433738708496094,462.3568115234375,0.4353598356246948,0.5413473844528198,0.1262449324131012,1
3638718591,389492200684,0.0979695469141006,0.909171998500824,-221.92079162597656,46.16549301147461,9.965825080871582,1,2.749237060546875,1,-48.732025146484375,-12.240391731262209,459.4855041503906,0.6410067677497864,0.5352506041526794,0.1244491562247276,1,0.1052667051553726,0.905849814414978,-217.89276123046875,47.13486099243164,10.31862449645996,1,2.3738555908203125,1,22.26173973083496,-14.366596221923828,461.7063598632813,0.435570478439331,0.5412123203277588,0.1249318867921829,1
3638818427,389492300520,0.1225732490420341,0.9377166628837584,-208.33956909179688,37.836952209472656,6.934489727020264,1,2.72918701171875,1,-48.654483795166016,-12.448196411132812,460.5282897949219,0.6404628157615662,0.5357711315155029,0.1265172064304351,1,0.1038943827152252,0.8974605798721313,-218.6502990722656,49.582618713378906,11.209565162658691,1,2.3456268310546875,1,22.47226333618164,-14.66376781463623,462.6130676269531,0.4350903332233429,0.5419864654541016,0.1267812550067901,1
3638868393,389492350486,0.0994831621646881,0.8971416354179382,-221.08531188964844,49.67570114135742,11.243432998657228,1,2.7348785400390625,1,-48.54496383666992,-12.320133209228516,460.7435607910156,0.6400805115699768,0.5353841781616211,0.1269153505563736,1,0.1028847768902778,0.886420726776123,-219.2075958251953,52.80375671386719,12.381994247436523,1,2.330413818359375,1,22.586475372314453,-14.480831146240234,462.9157409667969,0.4348040819168091,0.5414326190948486,0.1273851990699768,1
3638918262,389492400354,0.1114274710416793,0.9417564272880554,-214.49205017089844,36.65822219848633,6.505475997924805,1,2.7315216064453125,1,-48.36930084228516,-12.373671531677246,460.4853210449219,0.6396512985229492,0.5355589985847473,0.1263680458068847,1,0.10478525608778,0.8940057754516602,-218.1585235595703,50.59065246582031,11.576468467712402,1,2.3148345947265625,1,22.67290496826172,-14.617854118347168,462.5596008300781,0.4345052540302276,0.5418591499328613,0.1266911625862121,1
3638968228,389492450320,0.1078227758407592,0.9038854241371156,-216.48182678222656,47.70800018310547,10.52725315093994,1,2.7296295166015625,1,-48.29557418823242,-12.170077323913574,460.3896789550781,0.6394670605659485,0.5349775552749634,0.1261516660451889,1,0.1004797518253326,0.9028915762901306,-220.53518676757807,47.99801254272461,10.632800102233888,1,2.31109619140625,1,22.72890853881836,-14.387311935424805,462.3440246582031,0.4343135058879852,0.5412148237228394,0.1262518316507339,1
3639018098,389492500189,0.1027479246258735,0.917346179485321,-219.2831420898437,43.78048706054688,9.097808837890623,1,2.711639404296875,1,-48.38569259643555,-12.380099296569824,460.63385009765625,0.6396535634994507,0.5355660319328308,0.1266671121120453,1,0.1048208698630333,0.8973289132118225,-218.13885498046875,49.62099456787109,11.223550796508787,1,2.3450164794921875,1,22.682174682617188,-14.567060470581056,462.5845642089844,0.4344820976257324,0.5417106747627258,0.1267387121915817,1
3639167899,389492649989,0.108656458556652,0.9099180698394777,-216.0216522216797,45.94784927368164,9.886625289916992,1,2.796600341796875,1,-48.79389953613281,-12.606351852416992,461.3030090332031,0.6406290531158447,0.5361672639846802,0.128095343708992,1,0.1085570231080055,0.8964053988456726,-216.07652282714844,49.89049911499024,11.32162857055664,1,2.3872833251953125,1,22.36375999450684,-14.86387538909912,463.4443054199219,0.4355181157588959,0.542485773563385,0.1284432411193847,1
3639217865,389492699955,0.1184237003326416,0.8868077993392944,-210.630111694336,52.69082260131836,12.340859413146973,1,2.791732788085937,1,-49.03786087036133,-12.380301475524902,461.4832458496094,0.6412779688835144,0.5355007648468018,0.128492921590805,1,0.1045686900615692,0.9097148180007936,-218.278076171875,46.00710678100586,9.908209800720217,1,2.401123046875,1,22.187101364135746,-14.60554027557373,463.7903747558594,0.4360733032226562,0.5417121052742004,0.129100888967514,1
3639267734,389492749823,0.1120005548000335,0.9109113812446594,-214.1756896972656,45.65803146362305,9.7811279296875,1,2.8076629638671875,1,-49.12055969238281,-12.476696014404297,461.0519409179688,0.6416491866111755,0.5358126163482666,0.1276580840349197,1,0.1085916310548782,0.8877426385879517,-216.0573883056641,52.41803359985352,12.2415771484375,1,2.414901733398437,1,21.990772247314453,-14.732043266296388,463.3132019042969,0.4365719556808471,0.5421189665794373,0.128137394785881,1
3639317700,389492799789,0.1070520654320716,0.906126856803894,-216.90725708007807,47.054012298583984,10.289236068725586,1,2.845489501953125,1,-49.38864135742188,-12.309711456298828,461.5386047363281,0.6422730684280396,0.5352928042411804,0.1286735832691192,1,0.1041116788983345,0.9194596409797668,-218.5303497314453,43.16383743286133,8.87334156036377,1,2.425628662109375,1,21.820491790771484,-14.545559883117676,463.8197021484375,0.4371298551559448,0.5415372848510742,0.1291209757328033,1
3639417536,389492899624,0.1120246723294258,0.9060075283050536,-214.16238403320312,47.088829040527344,10.301905632019045,1,2.850616455078125,1,-49.869998931884766,-12.552488327026367,460.63330078125,0.6439446806907654,0.5360644459724426,0.1269899904727935,1,0.105837695300579,0.8880770206451416,-217.57760620117188,52.32049560546875,12.206089973449709,1,2.4112548828125,1,21.26447486877441,-14.693937301635742,463.0345153808594,0.4386226534843445,0.5420348048210144,0.1275107413530349,1
3639467405,389492949493,0.1051522046327591,0.9046975374221802,-217.9559783935547,47.47105407714844,10.441025733947754,1,2.838653564453125,1,-49.93497467041016,-12.301431655883787,460.8226623535156,0.6440731883049011,0.5353240370750427,0.1273669451475143,1,0.1043531820178031,0.8885442614555359,-218.3970642089844,52.18418502807617,12.156476974487305,1,2.409637451171875,1,21.202009201049805,-14.38185977935791,463.08294677734375,0.4388086795806885,0.5411329865455627,0.1275822073221206,1
3639517371,389492999458,0.1209604814648628,0.908749222755432,-209.2298126220703,46.28888320922852,10.010737419128418,1,2.8523101806640625,1,-49.849365234375,-12.409744262695312,460.2256164550781,0.6440126895904541,0.5356835722923279,0.1261675357818603,1,0.0995945483446121,0.9094127416610718,-221.02378845214844,46.09527206420898,9.940298080444336,1,2.38592529296875,1,21.25533103942871,-14.362961769104004,462.5442810058594,0.4385841786861419,0.5411267280578613,0.1265102475881576,1
3639567241,389493049328,0.1104422584176063,0.9002023935317993,-215.035888671875,48.78262710571289,10.918402671813965,1,2.843505859375,1,-49.74798583984375,-12.281500816345217,459.4397277832031,0.6439655423164368,0.5353732705116272,0.1245767846703529,1,0.1020381972193718,0.902456521987915,-219.67495727539065,48.12498474121094,10.679034233093262,1,2.39678955078125,1,21.22539710998535,-14.333298683166504,461.8620300292969,0.4385800957679748,0.5411023497581482,0.1251431852579116,1
3639617207,389493099293,0.1047173887491226,0.9039409160614014,-218.19598388671875,47.69180679321289,10.521364212036133,1,2.82940673828125,1,-49.70859146118164,-12.296414375305176,460.37017822265625,0.6435601711273193,0.5353444814682007,0.1264185756444931,1,0.10624910145998,0.9006384015083313,-217.35047912597656,48.65538787841797,10.87208080291748,1,2.3910064697265625,1,21.379892349243164,-14.270547866821287,462.6185302734375,0.4382354319095611,0.5408540964126587,0.126664251089096,1
3639667076,389493149162,0.1190885677933693,0.9157889485359192,-210.2631072998047,44.23481750488281,9.26313591003418,1,2.848739624023437,1,-49.306434631347656,-12.377482414245604,459.41064453125,0.6426947712898254,0.5356537699699402,0.1244295015931129,1,0.1072827577590942,0.8938726782798767,-216.77993774414065,50.62948989868164,11.590588569641112,1,2.393829345703125,1,21.616039276123047,-14.45829963684082,461.6377258300781,0.4374235272407532,0.5414829850196838,0.12473925948143,1
3639717042,389493199127,0.1182037815451622,0.894144594669342,-210.7515106201172,50.55012893676758,11.561704635620115,1,2.8250885009765625,1,-49.08192825317383,-12.034350395202637,459.2059631347656,0.6421074271202087,0.5346746444702148,0.1239566653966903,1,0.1053881645202636,0.9068006277084352,-217.8257293701172,46.85742950439453,10.217670440673828,1,2.406478881835937,1,21.89266967773437,-14.170940399169922,461.2966003417969,0.4365788698196411,0.5406842827796936,0.1240663453936576,1
3639766911,389493248996,0.116991102695465,0.9037666916847228,-211.42091369628903,47.74267959594727,10.539875030517578,1,2.815673828125,1,-48.8468132019043,-12.413254737854004,458.7965393066406,0.6415520906448364,0.5358055830001831,0.1231129169464111,1,0.108623519539833,0.8982823491096497,-216.0398101806641,49.34283828735352,11.122310638427734,1,2.376220703125,1,22.084503173828125,-14.423717498779297,460.939697265625,0.4359757006168365,0.5414462089538574,0.1233876347541809,1
3639816877,389493298962,0.1160982027649879,0.900730550289154,-211.91378784179688,48.62850570678711,10.862306594848633,1,2.8393707275390625,1,-48.70400238037109,-12.186932563781738,459.2005920410156,0.6410132050514221,0.5351175665855408,0.1238739639520645,1,0.1126711517572403,0.8896721005439758,-213.8055419921875,51.8551139831543,12.036705017089844,1,2.3983612060546875,1,22.332075119018555,-14.53529930114746,461.2623901367188,0.4353056252002716,0.5417392253875732,0.1240627467632293,1
3639866747,389493348831,0.110151283442974,0.9067177772521972,-215.19650268554688,46.881622314453125,10.226460456848145,1,2.819854736328125,1,-48.793704986572266,-11.769072532653809,459.6033630371094,0.6411492824554443,0.5338759422302246,0.1246720552444458,1,0.1116846278309822,0.8814395070075989,-214.35006713867188,54.25716400146485,12.91094970703125,1,2.374267578125,1,22.34291648864746,-13.886037826538086,461.6471862792969,0.4353280961513519,0.5398314595222473,0.1247922331094741,1
3639916713,389493398797,0.1242175623774528,0.8988048434257507,-207.431884765625,49.19040298461914,11.066811561584473,1,2.8557891845703125,1,-48.780235290527344,-12.625576972961426,459.32470703125,0.6411960124969482,0.5363796949386597,0.1241604015231132,1,0.1140679121017456,0.8822920918464661,-213.03451538085932,54.00840759277344,12.82045078277588,1,2.3949737548828125,1,22.309720993041992,-14.583961486816406,461.5391845703125,0.4354087710380554,0.5418544411659241,0.1246163323521614,1
3639966582,389493448665,0.1156160607933998,0.9013391137123108,-212.179931640625,48.45096206665039,10.797684669494627,1,2.871734619140625,1,-48.661075592041016,-12.079962730407717,459.6790161132813,0.6407418251037598,0.5347709059715271,0.1248105466365814,1,0.1029412150382995,0.901658296585083,-219.1764678955078,48.357872009277344,10.763801574707031,1,2.417755126953125,1,22.43086242675781,-14.446324348449709,461.826904296875,0.4350996017456054,0.5414313673973083,0.1251939088106155,1
3640016548,389493498631,0.1131463497877121,0.9172242879867554,-213.543212890625,43.81605911254883,9.11073398590088,1,2.870208740234375,1,-48.54858016967773,-11.916115760803224,459.8947143554688,0.6403500437736511,0.5342800617218018,0.1252072155475616,1,0.1141074523329734,0.9036240577697754,-213.0126953125,47.7843017578125,10.5550537109375,1,2.4169921875,1,22.571313858032227,-14.013193130493164,461.9222412109375,0.4347080588340759,0.540174126625061,0.1253712773323059,1
3640066418,389493548500,0.1175469905138015,0.8840447664260864,-211.11404418945312,53.49700927734375,12.634300231933594,1,2.8251495361328125,1,-48.78671646118164,-12.787009239196776,459.4532775878906,0.6411752700805664,0.5368373394012451,0.1244262084364891,1,0.112347587943077,0.8916196227073669,-213.984115600586,51.28684616088867,11.82985019683838,1,2.407135009765625,1,22.34203147888184,-14.701818466186523,461.5431823730469,0.4353161454200744,0.5421940684318542,0.1246348842978477,1
3640116384,389493598466,0.1079761981964111,0.9179714322090148,-216.3971405029297,43.598087310791016,9.03136920928955,1,2.844589233398437,1,-48.72505187988281,-13.084717750549316,458.4618225097656,0.6413018703460693,0.5377821922302246,0.1224588602781295,1,0.1165760457515716,0.8927904367446899,-211.6499938964844,50.94522857666016,11.705520629882812,1,2.42413330078125,1,22.08822250366211,-15.22935962677002,460.79730224609375,0.4359452724456787,0.5437873005867004,0.1231553927063942,1
3640166253,389493648335,0.1142474338412284,0.9005025625228882,-212.93540954589844,48.69501876831055,10.886509895324709,1,2.890594482421875,1,-48.70098114013672,-12.777459144592283,458.6229248046875,0.6411823034286499,0.5368767380714417,0.1227568387985229,1,0.1135978922247886,0.906246542930603,-213.2939453125,47.01905822753906,10.276508331298828,1,2.406234741210937,1,22.09635162353516,-14.89198112487793,460.6848449707031,0.435906171798706,0.5428228378295898,0.1229096055030822,1
3640216219,389493698300,0.1165218204259872,0.8972470164299011,-211.6799468994141,49.644927978515625,11.232227325439451,1,2.870712280273437,1,-48.822566986083984,-13.334514617919922,458.3387756347656,0.6416232585906982,0.5385181307792664,0.1222492083907127,1,0.1136133223772049,0.9088640809059144,-213.2854461669922,46.25537109375,9.998530387878418,1,2.427108764648437,1,21.90291786193848,-15.071290016174316,460.5158996582031,0.4364420771598816,0.5433570742607117,0.1225654929876327,1
3640266088,389493748169,0.1121563464403152,0.9144684076309204,-214.08969116210932,44.620155334472656,9.403385162353516,1,2.8509521484375,1,-48.754669189453125,-14.18450927734375,458.7313232421875,0.6413047909736633,0.5409523844718933,0.1230658590793609,1,0.1169578954577446,0.8994527459144592,-211.43923950195312,49.00132369995117,10.997995376586914,1,2.39971923828125,1,21.85265350341797,-16.11870574951172,460.9000549316406,0.4366401135921478,0.5463469624519348,0.1233984977006912,1
3640316054,389493798134,0.1224205642938613,0.8952311873435974,-208.42384338378903,50.23310470581055,11.446343421936035,1,2.919708251953125,1,-48.60600662231445,-13.241531372070312,459.1815185546875,0.640734851360321,0.5381773710250854,0.1238734722137451,1,0.1160552874207496,0.911845326423645,-211.9374847412109,45.38550567626953,9.68193531036377,1,2.440673828125,1,22.05962181091309,-15.467004776000977,461.4250793457031,0.436114639043808,0.5444132089614868,0.124421939253807,1
3640365924,389493848004,0.1171956956386566,0.9083415865898132,-211.3079833984375,46.407806396484375,10.054034233093262,1,2.88519287109375,1,-48.29110336303711,-13.384286880493164,458.9942932128906,0.6398788094520569,0.5386072397232056,0.12344341725111,1,0.1184492707252502,0.8987508416175842,-210.6159820556641,49.20611572265625,11.072531700134276,1,2.46722412109375,1,22.29816055297852,-15.184818267822266,461.0099182128906,0.4353682994842529,0.5436383485794067,0.1235971674323082,1
3640415890,389493897969,0.1129320263862609,0.9234259128570556,-213.66151428222656,42.00659942626953,8.45213508605957,1,2.943588256835937,1,-48.191436767578125,-13.897845268249512,459.0039978027344,0.6395866274833679,0.5400962829589844,0.1234722286462783,1,0.1233247518539428,0.8902599215507507,-207.9247131347656,51.68355941772461,11.97425937652588,1,2.5090789794921875,1,22.469816207885746,-16.010608673095703,461.0128173828125,0.4348728656768799,0.5460233688354492,0.1236753538250923,1
3640465856,389493947935,0.1262048035860061,0.8763630390167236,-206.3349456787109,55.73833465576172,13.450074195861816,1,2.92431640625,1,-48.06467056274414,-13.252730369567873,459.6851501464844,0.6390122771263123,0.5381677746772766,0.1247622072696685,1,0.1139768064022064,0.9046757221221924,-213.08480834960932,47.47742462158203,10.44334316253662,1,2.4932861328125,1,22.760149002075195,-15.516282081604004,461.7419128417969,0.4341380596160888,0.5445247292518616,0.1251256763935089,1
3640515725,389493997804,0.1165727451443672,0.9047311544418336,-211.6518402099609,47.46125411987305,10.437466621398926,1,2.944305419921875,1,-47.96694564819336,-12.80373477935791,459.7054748535156,0.6387230753898621,0.5368654727935791,0.1247570216655731,1,0.1127531081438064,0.9125352501869202,-213.7602996826172,45.18425369262695,9.608675956726074,1,2.499374389648437,1,23.001258850097656,-14.95838451385498,461.4777221679688,0.4334047436714172,0.5429404377937317,0.1245853304862976,1
3640565691,389494047769,0.1133557483553886,0.8902326226234436,-213.4276428222656,51.691551208496094,11.97714138031006,1,2.9232330322265625,1,-48.10558319091797,-13.420275688171388,459.6951904296875,0.6391277313232422,0.538652241230011,0.1248003542423248,1,0.1126634031534195,0.9080418944358826,-213.809799194336,46.49525451660156,10.085874557495115,1,2.48529052734375,1,22.919841766357425,-15.36730670928955,461.7291564941406,0.4336756765842438,0.5440962910652161,0.1251060217618942,1
3640715396,389494197473,0.120558463037014,0.8900585174560547,-209.45172119140625,51.74234008789063,11.995631217956545,1,2.9085693359375,1,-48.40764617919922,-13.129019737243652,460.0878601074219,0.6398831009864807,0.5377761125564575,0.1256273835897445,1,0.1198469474911689,0.9052591919898988,-209.844482421875,47.30717086791992,10.381352424621582,1,2.5257568359375,1,22.898286819458008,-14.99940013885498,462.4345397949219,0.4338385760784149,0.5429692268371582,0.1264880299568176,1
3640765362,389494247438,0.1262962520122528,0.8735504746437073,-206.2844696044922,56.5589485168457,13.748716354370115,1,2.8948211669921875,1,-48.48292922973633,-12.78522777557373,459.2339172363281,0.6403619050979614,0.536849856376648,0.1239260882139206,1,0.1241379529237747,0.8938083648681641,-207.47586059570312,50.64823532104492,11.597426414489746,1,2.506134033203125,1,22.749271392822266,-15.166420936584473,461.5882263183594,0.4341475963592529,0.543530285358429,0.1247945576906204,1
3640815231,389494297307,0.1274816691875457,0.892459511756897,-205.630111694336,51.04179763793945,11.74068546295166,1,2.8778533935546875,1,-48.66352844238281,-12.08267879486084,458.3774108886719,0.6411492228507996,0.534878134727478,0.122223325073719,1,0.1235450878739357,0.8974869847297668,-207.8031005859375,49.57490921020508,11.206768035888672,1,2.5031280517578125,1,22.51206016540528,-14.115549087524414,460.56787109375,0.4346880316734314,0.5405888557434082,0.122667483985424,1
3640915067,389494397142,0.1179127469658851,0.8974140882492065,-210.91213989257807,49.59617233276367,11.214502334594728,1,2.8841552734375,1,-49.31119918823242,-13.097637176513672,458.6170654296875,0.6429559588432312,0.5378068685531616,0.1228927597403526,1,0.1230846419930458,0.8997812271118164,-208.05728149414065,48.90550994873047,10.963094711303713,1,2.503890991210937,1,21.954790115356445,-15.308990478515623,461.2432556152344,0.436392217874527,0.5439746379852295,0.1240383312106132,1
3640965033,389494447108,0.4093458950519562,0.5019395351409912,-50.0410385131836,164.985595703125,53.21282958984375,1,2.681396484375,1,-47.92187881469727,-11.709569931030272,458.197021484375,0.6390495300292969,0.533807635307312,0.1216900050640106,1,0.4012860059738159,0.5630394220352173,-54.4901237487793,147.158203125,46.72418594360352,1,2.501739501953125,1,23.08504676818848,-13.923198699951172,460.6983337402344,0.433050274848938,0.5400213003158569,0.1229728981852531,1
3641014902,389494496976,0.6779290437698364,0.366444855928421,98.21686553955078,204.5195159912109,67.60198211669922,1,2.709442138671875,1,-46.01114654541016,-11.879568099975586,456.11077880859375,0.6341080665588379,0.53445965051651,0.1171591207385063,1,0.742536187171936,0.3431042730808258,133.87997436523438,211.3297119140625,70.0806884765625,1,2.592132568359375,1,24.35047149658203,-14.094820022583008,457.8512573242188,0.428954929113388,0.5407707095146179,0.1174298673868179,1
3641064772,389494546846,0.7704184651374817,0.3318566679954529,149.27101135253906,214.6114654541016,71.27515411376953,1,2.7209014892578125,1,-45.34504318237305,-12.23348903656006,455.9880065917969,0.6321989893913269,0.5355024933815002,0.1168007180094719,1,0.8009602427482605,0.3044712245464325,166.13006591796875,222.60183715820312,74.18342590332031,1,2.68414306640625,1,24.891658782958984,-14.73548412322998,457.6310729980469,0.4273460805416107,0.5426546931266785,0.1170887425541877,1
3641264442,389494746514,0.8390477299690247,0.231730431318283,187.1543426513672,243.8257598876953,81.90827178955078,1,2.7153778076171875,1,-44.09877395629883,-10.732030868530272,456.1447448730469,0.6285152435302734,0.5311070084571838,0.1167941913008689,1,0.852308452129364,0.2518130242824554,194.4743194580078,237.96615600585932,79.77555847167969,1,2.589218139648437,1,26.1335391998291,-13.463522911071776,457.5795593261719,0.4237238466739654,0.5389578938484192,0.1170459017157554,1
3641414244,389494896315,0.8482139110565186,0.2243090718984604,192.214096069336,245.9911193847656,82.69642639160156,1,2.6296539306640625,1,-44.16233825683594,-11.1682710647583,456.1246643066406,0.6287064552307129,0.5323820114135742,0.116787351667881,1,0.8680357336997986,0.2275230139493942,203.1557464599609,245.05337524414065,82.3551025390625,1,2.555877685546875,1,26.1186637878418,-13.681717872619627,457.5732116699219,0.4237660765647888,0.5395933985710144,0.1170444339513778,1
