in0,in1,in2,in3,in4,in5,in6,in7,in8,in9,in‚ ,in‚¢,in‚¤,inA,inB,inC,in10,in11,in12,in13,in14,in15,in16,in17,in18,in19,inƒA,inƒC,inƒE,inD,inE,inF,Number,Date
4.99,4.99,4.99,4.99,4.99,4.99,4.99,4.99,4.99,4.99,4.99,3.26,3.51,3.81,4.19,3.93,4.7,4.99,4.99,4.99,4.99,4.99,4.99,4.99,4.99,4.99,4.99,2.66,3.54,4.35,4.12,4.71,1,2019/12/13
4.99,4.99,4.99,4.99,4.99,4.99,4.99,4.99,4.99,4.99,4.99,3.25,3.51,3.82,4.2,3.94,4.71,4.99,4.99,4.99,4.99,4.99,4.99,4.99,4.99,4.99,4.99,2.65,3.53,4.37,4.12,4.72,,
4.99,4.99,4.99,4.99,4.99,4.99,4.99,4.99,4.99,4.99,4.99,3.26,3.5,3.82,4.2,3.95,4.71,4.99,4.99,4.99,4.99,4.99,4.99,4.99,4.99,4.99,4.99,2.64,3.54,4.35,4.12,4.72,,
4.99,4.99,4.99,4.99,4.99,4.99,4.99,4.99,4.99,4.99,4.99,3.25,3.5,3.81,4.2,3.94,4.71,4.99,4.99,4.99,4.99,4.99,4.99,4.99,4.99,4.99,4.99,2.65,3.55,4.35,4.11,4.73,,
4.99,4.99,4.99,4.99,4.99,4.99,4.99,4.99,4.99,4.99,4.99,3.26,3.5,3.82,4.21,3.94,4.7,4.99,4.99,4.99,4.99,4.99,4.99,4.99,4.99,4.99,4.99,2.66,3.56,4.36,4.12,4.73,,
4.99,4.99,4.99,4.99,4.99,4.99,4.99,4.99,4.99,4.99,4.99,3.28,3.5,3.82,4.21,3.94,4.71,4.99,4.99,4.99,4.99,4.99,4.99,4.99,4.99,4.99,4.99,2.68,3.57,4.35,4.11,4.73,,
4.99,4.99,4.99,4.99,4.99,4.99,4.99,4.99,4.99,4.99,4.99,3.26,3.46,3.83,4.21,3.94,4.71,4.99,4.99,4.99,4.99,4.99,4.99,4.99,4.99,4.99,4.99,2.68,3.57,4.35,4.11,4.72,,
4.99,4.99,4.99,4.99,4.99,4.99,4.99,4.99,4.99,4.99,4.99,3.25,3.46,3.83,4.21,3.93,4.7,4.99,4.99,4.99,4.99,4.99,4.99,4.99,4.99,4.99,4.99,2.7,3.55,4.34,4.11,4.71,,
4.99,4.99,4.99,4.99,4.99,4.99,4.99,4.99,4.99,4.99,4.99,3.25,3.45,3.82,4.2,3.93,4.7,4.99,4.99,4.99,4.99,4.99,4.99,4.99,4.99,4.99,4.99,2.69,3.58,4.34,4.12,4.72,,
4.99,4.99,4.99,4.99,4.99,4.99,4.99,4.99,4.99,4.99,4.99,3.26,3.44,3.82,4.2,3.94,4.7,4.99,4.99,4.99,4.99,4.99,4.99,4.99,4.99,4.99,4.99,2.68,3.67,4.35,4.12,4.72,,
4.99,4.99,4.99,4.99,4.99,4.99,4.99,4.99,4.99,4.99,4.99,3.28,3.42,3.82,4.2,3.92,4.7,4.99,4.99,4.99,4.99,4.99,4.99,4.99,4.99,4.99,4.99,2.67,3.67,4.35,4.12,4.73,,
4.99,4.99,4.99,4.99,4.99,4.99,4.99,4.99,4.99,4.99,4.99,3.3,3.41,3.82,4.2,3.93,4.71,4.99,4.99,4.99,4.99,4.99,4.99,4.99,4.99,4.99,4.99,2.66,3.64,4.36,4.13,4.72,,
4.99,4.99,4.99,4.99,4.99,4.99,4.99,4.99,4.99,4.99,4.99,3.3,3.38,3.81,4.2,3.93,4.69,4.99,4.99,4.99,4.99,4.99,4.99,4.99,4.99,4.99,4.99,2.66,3.6,4.36,4.11,4.72,,
4.99,4.99,4.99,4.99,4.99,4.99,4.99,4.99,4.99,4.99,4.99,3.28,3.33,3.81,4.2,3.92,4.7,4.99,4.99,4.99,4.99,4.99,4.99,4.99,4.99,4.99,4.99,2.64,3.6,4.36,4.11,4.72,,
4.99,4.99,4.99,4.99,4.99,4.99,4.99,4.99,4.99,4.99,4.99,3.3,3.34,3.8,4.2,3.92,4.7,4.99,4.99,4.99,4.99,4.99,4.99,4.99,4.99,4.99,4.99,2.64,3.61,4.35,4.1,4.73,,
4.99,4.99,4.99,4.99,4.99,4.99,4.99,4.99,4.99,4.99,4.99,3.25,3.33,3.8,4.19,3.92,4.69,4.99,4.99,4.99,4.99,4.99,4.99,4.99,4.99,4.99,4.99,2.64,3.56,4.35,4.1,4.72,,
4.99,4.99,4.99,4.99,4.99,4.99,4.99,4.99,4.99,4.99,4.99,3.22,3.34,3.8,4.19,3.92,4.7,4.99,4.99,4.99,4.99,4.99,4.99,4.99,4.99,4.99,4.99,2.64,3.57,4.34,4.1,4.72,,
4.99,4.99,4.99,4.99,4.99,4.99,4.99,4.99,4.99,4.99,4.99,3.23,3.34,3.8,4.19,3.92,4.7,4.99,4.99,4.99,4.99,4.99,4.99,4.99,4.99,4.99,4.99,2.63,3.56,4.34,4.09,4.71,,
4.99,4.99,4.99,4.99,4.99,4.99,4.99,4.99,4.99,4.99,4.99,3.24,3.35,3.8,4.19,3.91,4.7,4.99,4.99,4.99,4.99,4.99,4.99,4.99,4.99,4.99,4.99,2.63,3.54,4.34,4.1,4.71,,
4.99,4.99,4.99,4.99,4.99,4.99,4.99,4.99,4.99,4.99,4.99,3.23,3.38,3.79,4.19,3.92,4.7,4.99,4.99,4.99,4.99,4.99,4.99,4.99,4.99,4.99,4.99,2.64,3.53,4.34,4.1,4.71,,
4.99,4.99,4.99,4.99,4.99,4.99,4.99,4.99,4.99,4.99,4.99,3.23,3.36,3.8,4.2,3.91,4.7,4.99,4.99,4.99,4.99,4.99,4.99,4.99,4.99,4.99,4.99,2.63,3.53,4.35,4.09,4.71,,
4.99,4.99,4.99,4.99,4.99,4.99,4.99,4.99,4.99,4.99,4.99,3.23,3.36,3.8,4.19,3.92,4.7,4.99,4.99,4.99,4.99,4.99,4.99,4.99,4.99,4.99,4.99,2.62,3.54,4.35,4.1,4.72,,
4.99,4.99,4.99,4.99,4.99,4.99,4.99,4.99,4.99,4.99,4.99,3.21,3.35,3.8,4.19,3.93,4.7,4.99,4.99,4.99,4.99,4.99,4.99,4.99,4.99,4.99,4.99,2.61,3.54,4.34,4.11,4.72,,
4.99,4.99,4.99,4.99,4.99,4.99,4.99,4.99,4.99,4.99,4.99,3.23,3.35,3.8,4.19,3.92,4.7,4.99,4.99,4.99,4.99,4.99,4.99,4.99,4.99,4.99,4.99,2.61,3.54,4.35,4.1,4.72,,
4.99,4.99,4.99,4.99,4.99,4.99,4.99,4.99,4.99,4.99,4.99,3.23,3.36,3.8,4.19,3.92,4.7,4.99,4.99,4.99,4.99,4.99,4.99,4.99,4.99,4.99,4.99,2.62,3.54,4.34,4.11,4.71,,
4.99,4.99,4.99,4.99,4.99,4.99,4.99,4.99,4.99,4.99,4.99,3.22,3.34,3.79,4.19,3.92,4.7,4.99,4.99,4.99,4.99,4.99,4.99,4.99,4.99,4.99,4.99,2.61,3.56,4.35,4.1,4.71,,
4.99,4.99,4.99,4.99,4.99,4.99,4.99,4.99,4.99,4.99,4.99,3.23,3.32,3.79,4.19,3.92,4.69,4.99,4.99,4.99,4.99,4.99,4.99,4.99,4.99,4.99,4.99,2.62,3.57,4.35,4.1,4.71,,
4.99,4.99,4.99,4.99,4.99,4.99,4.99,4.99,4.99,4.99,4.99,3.22,3.33,3.79,4.18,3.92,4.69,4.99,4.99,4.99,4.99,4.99,4.99,4.99,4.99,4.99,4.99,2.62,3.54,4.35,4.1,4.71,,
4.99,4.99,4.99,4.99,4.99,4.99,4.99,4.99,4.99,4.99,4.99,3.23,3.34,3.79,4.19,3.92,4.69,4.99,4.99,4.99,4.99,4.99,4.99,4.99,4.99,4.99,4.99,2.62,3.54,4.34,4.11,4.72,,
4.99,4.99,4.99,4.99,4.99,4.99,4.99,4.99,4.99,4.99,4.99,3.2,3.33,3.79,4.18,3.92,4.69,4.99,4.99,4.99,4.99,4.99,4.99,4.99,4.99,4.99,4.99,2.62,3.52,4.34,4.11,4.71,,
4.99,4.99,4.99,4.99,4.99,4.99,4.99,4.99,4.99,4.99,4.99,3.25,3.36,3.79,4.18,3.92,4.74,4.99,4.99,4.99,4.99,4.99,4.99,4.99,4.99,4.99,4.99,2.62,3.52,4.34,4.11,4.71,,
4.99,4.99,4.99,4.99,4.99,4.99,4.99,4.99,4.99,4.99,4.99,3.24,3.39,3.79,4.18,3.92,4.74,4.99,4.99,4.99,4.99,4.99,4.99,4.99,4.99,4.99,4.99,2.62,3.5,4.33,4.11,4.71,,
4.99,4.99,4.99,4.99,4.99,4.99,4.99,4.99,4.99,4.99,4.99,3.25,3.37,3.79,4.18,3.92,4.74,4.99,4.99,4.99,4.99,4.99,4.99,4.99,4.99,4.99,4.99,2.63,3.49,4.33,4.12,4.72,,
4.99,4.99,4.99,4.99,4.99,4.99,4.99,4.99,4.99,4.99,4.99,3.24,3.4,3.79,4.18,3.92,4.74,4.99,4.99,4.99,4.99,4.99,4.99,4.99,4.99,4.99,4.99,2.63,3.49,4.34,4.12,4.72,,
4.99,4.99,4.99,4.99,4.99,4.99,4.99,4.99,4.99,4.99,4.99,3.24,3.36,3.78,4.18,3.92,4.74,4.99,4.99,4.99,4.99,4.99,4.99,4.99,4.99,4.99,4.99,2.62,3.49,4.35,4.12,4.72,,
4.99,4.99,4.99,4.99,4.99,4.99,4.99,4.99,4.99,4.99,4.99,3.25,3.39,3.78,4.18,3.92,4.74,4.99,4.99,4.99,4.99,4.99,4.99,4.99,4.99,4.99,4.99,2.61,3.49,4.34,4.11,4.72,,
4.99,4.99,4.99,4.99,4.99,4.99,4.99,4.99,4.99,4.99,4.99,3.23,3.37,3.79,4.17,3.91,4.74,4.99,4.99,4.99,4.99,4.99,4.99,4.99,4.99,4.99,4.99,2.62,3.48,4.34,4.1,4.71,,
4.99,4.99,4.99,4.99,4.99,4.99,4.99,4.99,4.99,4.99,4.99,3.23,3.4,3.79,4.17,3.92,4.74,4.99,4.99,4.99,4.99,4.99,4.99,4.99,4.99,4.99,4.99,2.62,3.49,4.34,4.1,4.72,,
4.99,4.99,4.99,4.99,4.99,4.99,4.99,4.99,4.99,4.99,4.99,3.2,3.36,3.78,4.18,3.91,4.74,4.99,4.99,4.99,4.99,4.99,4.99,4.99,4.99,4.99,4.99,2.6,3.47,4.34,4.11,4.71,,
4.99,4.99,4.99,4.99,4.99,4.99,4.99,4.99,4.99,4.99,4.99,3.22,3.33,3.78,4.17,3.9,4.75,4.99,4.99,4.99,4.99,4.99,4.99,4.99,4.99,4.99,4.99,2.62,3.45,4.34,4.1,4.71,,
4.99,4.99,4.99,4.99,4.99,4.99,4.99,4.99,4.99,4.99,4.99,3.21,3.37,3.78,4.17,3.91,4.73,4.99,4.99,4.99,4.99,4.99,4.99,4.99,4.99,4.99,4.99,2.62,3.46,4.34,4.11,4.72,,
4.99,4.99,4.99,4.99,4.99,4.99,4.99,4.99,4.99,4.99,4.99,3.2,3.36,3.78,4.18,3.91,4.73,4.99,4.99,4.99,4.99,4.99,4.99,4.99,4.99,4.99,4.99,2.62,3.47,4.34,4.1,4.72,,
4.99,4.99,4.99,4.99,4.99,4.99,4.99,4.99,4.99,4.99,4.99,3.19,3.36,3.77,4.17,3.9,4.72,4.99,4.99,4.99,4.99,4.99,4.99,4.99,4.99,4.99,4.99,2.62,3.46,4.34,4.1,4.71,,
4.99,4.99,4.99,4.99,4.99,4.99,4.99,4.99,4.99,4.99,4.99,3.19,3.36,3.77,4.17,3.9,4.73,4.99,4.99,4.99,4.99,4.99,4.99,4.99,4.99,4.99,4.99,2.62,3.47,4.34,4.1,4.72,,
4.99,4.99,4.99,4.99,4.99,4.99,4.99,4.99,4.99,4.99,4.99,3.2,3.36,3.77,4.18,3.9,4.72,4.99,4.99,4.99,4.99,4.99,4.99,4.99,4.99,4.99,4.99,2.61,3.45,4.35,4.11,4.72,,
4.99,4.99,4.99,4.99,4.99,4.99,4.99,4.99,4.99,4.99,4.99,3.21,3.37,3.77,4.18,3.9,4.72,4.99,4.99,4.99,4.99,4.99,4.99,4.99,4.99,4.99,4.99,2.61,3.46,4.34,4.11,4.72,,
4.99,4.99,4.99,4.99,4.99,4.99,4.99,4.99,4.99,4.99,4.99,3.23,3.38,3.77,4.18,3.89,4.72,4.99,4.99,4.99,4.99,4.99,4.99,4.99,4.99,4.99,4.99,2.6,3.47,4.34,4.11,4.72,,
4.99,4.99,4.99,4.99,4.99,4.99,4.99,4.99,4.99,4.99,4.99,3.23,3.39,3.77,4.18,3.89,4.73,4.99,4.99,4.99,4.99,4.99,4.99,4.99,4.99,4.99,4.99,2.61,3.47,4.34,4.11,4.72,,
4.99,4.99,4.99,4.99,4.99,4.99,4.99,4.99,4.99,4.99,4.99,3.21,3.39,3.77,4.18,3.89,4.73,4.99,4.99,4.99,4.99,4.99,4.99,4.99,4.99,4.99,4.99,2.62,3.48,4.35,4.11,4.72,,
4.99,4.99,4.99,4.99,4.99,4.99,4.99,4.99,4.99,4.99,4.99,3.24,3.36,3.77,4.18,3.89,4.73,4.99,4.99,4.99,4.99,4.99,4.99,4.99,4.99,4.99,4.99,2.61,3.47,4.34,4.1,4.72,,
4.99,4.99,4.99,4.99,4.99,4.99,4.99,4.99,4.99,4.99,4.99,3.24,3.39,3.77,4.18,3.89,4.73,4.99,4.99,4.99,4.99,4.99,4.99,4.99,4.99,4.99,4.99,2.61,3.47,4.34,4.1,4.72,,
4.99,4.99,4.99,4.99,4.99,4.99,4.99,4.99,4.99,4.99,4.99,3.25,3.38,3.77,4.17,3.89,4.73,4.99,4.99,4.99,4.99,4.99,4.99,4.99,4.99,4.99,4.99,2.61,3.44,4.34,4.1,4.72,,
4.99,4.99,4.99,4.99,4.99,4.99,4.99,4.99,4.99,4.99,4.99,3.22,3.36,3.77,4.18,3.89,4.73,4.99,4.99,4.99,4.99,4.99,4.99,4.99,4.99,4.99,4.99,2.6,3.46,4.35,4.11,4.72,,
4.99,4.99,4.99,4.99,4.99,4.99,4.99,4.99,4.99,4.99,4.99,3.26,3.37,3.77,4.18,3.89,4.73,4.99,4.99,4.99,4.99,4.99,4.99,4.99,4.99,4.99,4.99,2.6,3.46,4.34,4.1,4.72,,
4.99,4.99,4.99,4.99,4.99,4.99,4.99,4.99,4.99,4.99,4.99,3.26,3.37,3.78,4.18,3.89,4.73,4.99,4.99,4.99,4.99,4.99,4.99,4.99,4.99,4.99,4.99,2.61,3.45,4.34,4.09,4.72,,
4.99,4.99,4.99,4.99,4.99,4.99,4.99,4.99,4.99,4.99,4.99,3.28,3.36,3.77,4.17,3.89,4.73,4.99,4.99,4.99,4.99,4.99,4.99,4.99,4.99,4.99,4.99,2.6,3.45,4.34,4.09,4.73,,
4.99,4.99,4.99,4.99,4.99,4.99,4.99,4.99,4.99,4.99,4.99,2.92,3.69,3.74,4.13,4.07,4.77,4.99,4.99,4.99,4.99,4.86,4.99,4.99,4.99,4.99,4.99,2.81,3.62,3.85,3.77,4.56,2,2019/12/13
4.99,4.99,4.99,4.99,4.99,4.99,4.99,4.99,4.99,4.99,4.99,2.9,3.68,3.74,4.13,4.07,4.77,4.99,4.99,4.99,4.99,4.85,4.99,4.99,4.99,4.99,4.99,2.82,3.62,3.85,3.78,4.56,,
4.99,4.99,4.99,4.99,4.99,4.99,4.99,4.99,4.99,4.99,4.99,2.9,3.68,3.73,4.12,4.07,4.77,4.99,4.99,4.99,4.99,4.85,4.99,4.99,4.99,4.99,4.99,2.81,3.65,3.86,3.79,4.56,,
4.99,4.99,4.99,4.99,4.99,4.99,4.99,4.99,4.99,4.99,4.99,2.92,3.71,3.73,4.12,4.07,4.77,4.99,4.99,4.99,4.99,4.87,4.99,4.99,4.99,4.99,4.99,2.82,3.64,3.85,3.8,4.56,,
4.99,4.99,4.99,4.99,4.99,4.99,4.99,4.99,4.99,4.99,4.99,2.96,3.73,3.74,4.13,4.07,4.77,4.99,4.99,4.99,4.99,4.87,4.99,4.99,4.99,4.99,4.99,2.81,3.64,3.86,3.79,4.56,,
4.99,4.99,4.99,4.99,4.99,4.99,4.99,4.99,4.99,4.99,4.99,2.94,3.75,3.74,4.13,4.06,4.77,4.99,4.99,4.99,4.99,4.88,4.99,4.99,4.99,4.99,4.99,2.81,3.63,3.88,3.8,4.56,,
4.99,4.99,4.99,4.99,4.99,4.99,4.99,4.99,4.99,4.99,4.99,2.93,3.76,3.74,4.13,4.06,4.78,4.99,4.99,4.99,4.99,4.89,4.99,4.99,4.99,4.99,4.99,2.81,3.63,3.9,3.8,4.56,,
4.99,4.99,4.99,4.99,4.99,4.99,4.99,4.99,4.99,4.99,4.99,2.94,3.74,3.73,4.12,4.06,4.78,4.99,4.99,4.99,4.99,4.89,4.99,4.99,4.99,4.99,4.99,2.8,3.62,3.9,3.78,4.57,,
4.99,4.99,4.99,4.99,4.99,4.99,4.99,4.99,4.99,4.99,4.99,2.95,3.74,3.74,4.13,4.06,4.79,4.99,4.99,4.99,4.99,4.87,4.99,4.99,4.99,4.99,4.99,2.81,3.62,3.88,3.79,4.56,,
4.99,4.99,4.99,4.99,4.99,4.99,4.99,4.99,4.99,4.99,4.99,2.94,3.75,3.74,4.12,4.06,4.78,4.99,4.99,4.99,4.99,4.87,4.99,4.99,4.99,4.99,4.99,2.81,3.62,3.86,3.79,4.55,,
4.99,4.99,4.99,4.99,4.99,4.99,4.99,4.99,4.99,4.99,4.99,2.93,3.75,3.74,4.12,4.06,4.77,4.99,4.99,4.99,4.99,4.87,4.99,4.99,4.99,4.99,4.99,2.84,3.66,3.86,3.79,4.55,,
4.99,4.99,4.99,4.99,4.99,4.99,4.99,4.99,4.99,4.99,4.99,2.93,3.75,3.74,4.12,4.06,4.79,4.99,4.99,4.99,4.99,4.86,4.99,4.99,4.99,4.99,4.99,2.83,3.68,3.87,3.79,4.6,,
4.99,4.99,4.99,4.99,4.99,4.99,4.99,4.99,4.99,4.99,4.99,2.91,3.73,3.74,4.12,4.06,4.78,4.99,4.99,4.99,4.99,4.86,4.99,4.99,4.99,4.99,4.99,2.83,3.67,3.85,3.78,4.6,,
4.99,4.99,4.99,4.99,4.99,4.99,4.99,4.99,4.99,4.99,4.99,2.91,3.73,3.74,4.12,4.06,4.78,4.99,4.99,4.99,4.99,4.87,4.99,4.99,4.99,4.99,4.99,2.82,3.66,3.85,3.79,4.59,,
4.99,4.99,4.99,4.99,4.99,4.99,4.99,4.99,4.99,4.99,4.99,2.92,3.74,3.74,4.11,4.06,4.78,4.99,4.99,4.99,4.99,4.87,4.99,4.99,4.99,4.99,4.99,2.83,3.66,3.85,3.79,4.55,,
4.99,4.99,4.99,4.99,4.99,4.99,4.99,4.99,4.99,4.99,4.99,2.95,3.76,3.73,4.11,4.06,4.78,4.99,4.99,4.99,4.99,4.87,4.99,4.99,4.99,4.99,4.99,2.81,3.65,3.86,3.79,4.55,,
4.99,4.99,4.99,4.99,4.99,4.99,4.99,4.99,4.99,4.99,4.99,2.92,3.73,3.74,4.11,4.06,4.78,4.99,4.99,4.99,4.99,4.87,4.99,4.99,4.99,4.99,4.99,2.81,3.66,3.85,3.79,4.55,,
4.99,4.99,4.99,4.99,4.99,4.99,4.99,4.99,4.99,4.99,4.99,2.89,3.72,3.73,4.1,4.06,4.77,4.99,4.99,4.99,4.99,4.87,4.99,4.99,4.99,4.99,4.99,2.82,3.64,3.85,3.79,4.55,,
4.99,4.99,4.99,4.99,4.99,4.99,4.99,4.99,4.99,4.99,4.99,2.89,3.7,3.72,4.1,4.06,4.78,4.99,4.99,4.99,4.99,4.87,4.99,4.99,4.99,4.99,4.99,2.82,3.62,3.84,3.79,4.55,,
4.99,4.99,4.99,4.99,4.99,4.99,4.99,4.99,4.99,4.99,4.99,2.88,3.68,3.73,4.1,4.06,4.78,4.99,4.99,4.99,4.99,4.89,4.99,4.99,4.99,4.99,4.99,2.81,3.62,3.85,3.79,4.54,,
4.99,4.99,4.99,4.99,4.99,4.99,4.99,4.99,4.99,4.99,4.99,2.9,3.7,3.72,4.09,4.04,4.77,4.99,4.99,4.99,4.99,4.9,4.99,4.99,4.99,4.99,4.99,2.81,3.61,3.84,3.79,4.54,,
4.99,4.99,4.99,4.99,4.99,4.99,4.99,4.99,4.99,4.99,4.99,2.92,3.68,3.72,4.09,4.05,4.77,4.99,4.99,4.99,4.99,4.86,4.99,4.99,4.99,4.99,4.99,2.81,3.65,3.84,3.79,4.54,,
4.99,4.99,4.99,4.99,4.99,4.99,4.99,4.99,4.99,4.99,4.99,2.89,3.67,3.72,4.08,4.05,4.78,4.99,4.99,4.99,4.99,4.88,4.99,4.99,4.99,4.99,4.99,2.81,3.66,3.84,3.78,4.54,,
4.99,4.99,4.99,4.99,4.99,4.99,4.99,4.99,4.99,4.99,4.99,2.91,3.66,3.72,4.08,4.05,4.79,4.99,4.99,4.99,4.99,4.89,4.99,4.99,4.99,4.99,4.99,2.82,3.65,3.84,3.78,4.55,,
4.99,4.99,4.99,4.99,4.99,4.99,4.99,4.99,4.99,4.99,4.99,2.94,3.63,3.71,4.08,4.05,4.79,4.99,4.99,4.99,4.99,4.89,4.99,4.99,4.99,4.99,4.99,2.81,3.63,3.86,3.77,4.55,,
4.99,4.99,4.99,4.99,4.99,4.99,4.99,4.99,4.99,4.99,4.99,2.92,3.65,3.72,4.08,4.04,4.78,4.99,4.99,4.99,4.99,4.89,4.99,4.99,4.99,4.99,4.99,2.79,3.62,3.84,3.77,4.55,,
4.99,4.99,4.99,4.99,4.99,4.99,4.99,4.99,4.99,4.99,4.99,2.89,3.63,3.72,4.08,4.04,4.78,4.99,4.99,4.99,4.99,4.87,4.99,4.99,4.99,4.99,4.99,2.79,3.59,3.84,3.77,4.54,,
4.99,4.99,4.99,4.99,4.99,4.99,4.99,4.99,4.99,4.99,4.99,2.88,3.64,3.72,4.08,4.03,4.78,4.99,4.99,4.99,4.99,4.88,4.99,4.99,4.99,4.99,4.99,2.79,3.59,3.84,3.78,4.53,,
4.99,4.99,4.99,4.99,4.99,4.99,4.99,4.99,4.99,4.99,4.99,2.88,3.65,3.72,4.08,4.04,4.78,4.99,4.99,4.99,4.99,4.88,4.99,4.99,4.99,4.99,4.99,2.8,3.59,3.84,3.78,4.54,,
4.99,4.99,4.99,4.99,4.99,4.99,4.99,4.99,4.99,4.99,4.99,2.89,3.66,3.71,4.08,4.03,4.79,4.99,4.99,4.99,4.99,4.99,4.99,4.99,4.99,4.99,4.99,2.78,3.61,3.89,3.78,4.55,,
4.99,4.99,4.99,4.99,4.99,4.99,4.99,4.99,4.99,4.99,4.99,2.9,3.64,3.71,4.1,4.04,4.78,4.99,4.99,4.99,4.99,4.99,4.99,4.99,4.99,4.99,4.99,2.78,3.65,3.89,3.79,4.58,,
4.99,4.99,4.99,4.99,4.99,4.99,4.99,4.99,4.99,4.99,4.99,2.89,3.65,3.72,4.1,4.03,4.78,4.99,4.99,4.99,4.99,4.99,4.99,4.99,4.99,4.99,4.99,2.76,3.64,3.91,3.78,4.6,,
4.99,4.99,4.99,4.99,4.99,4.99,4.99,4.99,4.99,4.99,4.99,2.89,3.65,3.71,4.1,4.03,4.78,4.99,4.99,4.99,4.99,4.99,4.99,4.99,4.99,4.99,4.99,2.76,3.65,3.9,3.78,4.58,,
4.99,4.99,4.99,4.99,4.99,4.99,4.99,4.99,4.99,4.99,4.99,2.89,3.65,3.71,4.09,4.03,4.77,4.99,4.99,4.99,4.99,4.99,4.99,4.99,4.99,4.99,4.99,2.77,3.64,3.9,3.78,4.58,,
4.99,4.99,4.99,4.99,4.99,4.99,4.99,4.99,4.99,4.99,4.99,2.89,3.64,3.71,4.07,4.03,4.77,4.99,4.99,4.99,4.99,4.99,4.99,4.99,4.99,4.99,4.99,2.75,3.66,3.89,3.78,4.55,,
4.99,4.99,4.99,4.99,4.99,4.99,4.99,4.99,4.99,4.99,4.99,2.9,3.62,3.71,4.07,4.02,4.78,4.99,4.99,4.99,4.99,4.99,4.99,4.99,4.99,4.99,4.99,2.78,3.66,3.89,3.78,4.55,,
4.99,4.99,4.99,4.99,4.99,4.99,4.99,4.99,4.99,4.99,4.99,2.85,3.62,3.71,4.07,4.02,4.78,4.99,4.99,4.99,4.99,4.88,4.99,4.99,4.99,4.99,4.99,2.76,3.65,3.85,3.78,4.54,,
4.99,4.99,4.99,4.99,4.99,4.99,4.99,4.99,4.99,4.99,4.99,2.83,3.62,3.71,4.08,4.03,4.77,4.99,4.99,4.99,4.99,4.88,4.99,4.99,4.99,4.99,4.99,2.77,3.63,3.86,3.77,4.55,,
4.99,4.99,4.99,4.99,4.99,4.99,4.99,4.99,4.99,4.99,4.99,2.84,3.62,3.71,4.08,4.02,4.77,4.99,4.99,4.99,4.99,4.87,4.99,4.99,4.99,4.99,4.99,2.76,3.65,3.85,3.76,4.54,,
4.99,4.99,4.99,4.99,4.99,4.99,4.99,4.99,4.99,4.99,4.99,2.84,3.61,3.71,4.08,4.02,4.77,4.99,4.99,4.99,4.99,4.87,4.99,4.99,4.99,4.99,4.99,2.76,3.65,3.85,3.76,4.55,,
4.99,4.99,4.99,4.99,4.99,4.99,4.99,4.99,4.99,4.99,4.99,2.85,3.61,3.71,4.09,4.03,4.77,4.99,4.99,4.99,4.99,4.87,4.99,4.99,4.99,4.99,4.99,2.75,3.66,3.86,3.75,4.55,,
4.99,4.99,4.99,4.99,4.99,4.99,4.99,4.99,4.99,4.99,4.99,2.84,3.6,3.71,4.08,4.02,4.76,4.99,4.99,4.99,4.99,4.87,4.99,4.99,4.99,4.99,4.99,2.75,3.66,3.86,3.76,4.55,,
4.99,4.99,4.99,4.99,4.99,4.99,4.99,4.99,4.99,4.99,4.99,2.83,3.61,3.7,4.08,4.02,4.76,4.99,4.99,4.99,4.99,4.87,4.99,4.99,4.99,4.99,4.99,2.75,3.65,3.88,3.75,4.55,,
4.99,4.99,4.99,4.99,4.99,4.99,4.99,4.99,4.99,4.99,4.99,2.83,3.61,3.71,4.08,4.01,4.75,4.99,4.99,4.99,4.99,4.87,4.99,4.99,4.99,4.99,4.99,2.74,3.64,3.88,3.76,4.55,,
4.99,4.99,4.99,4.99,4.99,4.99,4.99,4.99,4.99,4.99,4.99,2.84,3.6,3.72,4.09,4.02,4.75,4.99,4.99,4.99,4.99,4.88,4.99,4.99,4.99,4.99,4.99,2.75,3.63,3.88,3.76,4.55,,
4.99,4.99,4.99,4.99,4.99,4.99,4.99,4.99,4.99,4.99,4.99,2.83,3.6,3.71,4.08,4.01,4.76,4.99,4.99,4.99,4.99,4.87,4.99,4.99,4.99,4.99,4.99,2.74,3.61,3.88,3.76,4.55,,
4.99,4.99,4.99,4.99,4.99,4.99,4.99,4.99,4.99,4.99,4.99,2.83,3.6,3.71,4.08,4.01,4.76,4.99,4.99,4.99,4.99,4.88,4.99,4.99,4.99,4.99,4.99,2.75,3.63,3.89,3.77,4.55,,
4.99,4.99,4.99,4.99,4.99,4.99,4.99,4.99,4.99,4.99,4.99,2.83,3.59,3.71,4.07,4.01,4.76,4.99,4.99,4.99,4.99,4.87,4.99,4.99,4.99,4.99,4.99,2.74,3.62,3.89,3.77,4.54,,
4.99,4.99,4.99,4.99,4.99,4.99,4.99,4.99,4.99,4.99,4.99,2.82,3.6,3.71,4.07,4.01,4.76,4.99,4.99,4.99,4.99,4.87,4.99,4.99,4.99,4.99,4.99,2.74,3.63,3.89,3.77,4.54,,
4.99,4.99,4.99,4.99,4.99,4.99,4.99,4.99,4.99,4.99,4.99,2.82,3.58,3.71,4.08,4.01,4.76,4.99,4.99,4.99,4.99,4.88,4.99,4.99,4.99,4.99,4.99,2.74,3.64,3.89,3.75,4.55,,
4.99,4.99,4.99,4.99,4.99,4.99,4.99,4.99,4.99,4.99,4.99,2.82,3.6,3.71,4.08,4.01,4.76,4.99,4.99,4.99,4.99,4.99,4.99,4.99,4.99,4.99,4.99,2.74,3.63,3.89,3.77,4.58,,
4.99,4.99,4.99,4.99,4.99,4.99,4.99,4.99,4.99,4.99,4.99,2.83,3.6,3.7,4.08,4.01,4.76,4.99,4.99,4.99,4.99,4.99,4.99,4.99,4.99,4.99,4.99,2.74,3.66,3.9,3.77,4.57,,
4.99,4.99,4.99,4.99,4.99,4.99,4.99,4.99,4.99,4.99,4.99,2.82,3.59,3.71,4.08,4.01,4.76,4.99,4.99,4.99,4.99,4.99,4.99,4.99,4.99,4.99,4.99,2.74,3.65,3.89,3.77,4.58,,
4.99,4.99,4.99,4.99,4.99,4.99,4.99,4.99,4.99,4.99,4.99,2.83,3.61,3.71,4.09,4,4.76,4.99,4.99,4.99,4.99,4.99,4.99,4.99,4.99,4.99,4.99,2.76,3.63,3.9,3.77,4.6,,
4.99,4.99,4.99,4.99,4.99,4.99,4.99,4.99,4.99,4.99,4.99,2.83,3.63,3.71,4.09,4.01,4.76,4.99,4.99,4.99,4.99,4.99,4.99,4.99,4.99,4.99,4.99,2.74,3.61,3.9,3.78,4.6,,
4.99,4.99,4.99,4.99,4.99,4.99,4.99,4.99,4.99,4.99,4.99,2.83,3.64,3.71,4.1,4.01,4.77,4.99,4.99,4.99,4.99,4.99,4.99,4.99,4.99,4.99,4.99,2.75,3.6,3.9,3.77,4.6,,
4.99,4.99,4.99,4.99,4.99,4.99,4.99,4.99,4.99,4.99,4.99,2.71,3.76,3.79,4.21,3.98,4.68,4.99,4.99,4.99,4.99,4.72,4.99,4.99,4.99,4.99,4.99,2.83,3.92,4.09,3.96,4.66,3,2019/12/13
4.99,4.99,4.99,4.99,4.99,4.99,4.99,4.99,4.99,4.99,4.99,2.73,3.76,3.79,4.22,3.99,4.67,4.99,4.99,4.99,4.99,4.72,4.99,4.99,4.99,4.99,4.99,2.8,3.93,4.1,3.96,4.66,,
4.99,4.99,4.99,4.99,4.99,4.99,4.99,4.99,4.99,4.99,4.99,2.71,3.75,3.79,4.23,3.98,4.67,4.99,4.99,4.99,4.99,4.72,4.99,4.99,4.99,4.99,4.99,2.81,3.93,4.11,3.96,4.65,,
4.99,4.99,4.99,4.99,4.99,4.99,4.99,4.99,4.99,4.99,4.99,2.72,3.76,3.8,4.21,3.99,4.67,4.99,4.99,4.99,4.99,4.71,4.99,4.99,4.99,4.99,4.99,2.79,3.93,4.1,3.96,4.66,,
4.99,4.99,4.99,4.99,4.99,4.99,4.99,4.99,4.99,4.99,4.99,2.7,3.75,3.8,4.22,3.98,4.68,4.99,4.99,4.99,4.99,4.72,4.99,4.99,4.99,4.99,4.99,2.81,3.94,4.1,3.96,4.67,,
4.99,4.99,4.99,4.99,4.99,4.99,4.99,4.99,4.99,4.99,4.99,2.71,3.77,3.8,4.22,3.99,4.69,4.99,4.99,4.99,4.99,4.72,4.99,4.99,4.99,4.99,4.99,2.81,3.94,4.1,3.95,4.68,,
4.99,4.99,4.99,4.99,4.99,4.99,4.99,4.99,4.99,4.99,4.99,2.72,3.76,3.8,4.22,3.97,4.69,4.99,4.99,4.99,4.99,4.72,4.99,4.99,4.99,4.99,4.99,2.82,3.91,4.09,3.94,4.69,,
4.99,4.99,4.99,4.99,4.99,4.99,4.99,4.99,4.99,4.99,4.99,2.71,3.74,3.81,4.22,3.97,4.69,4.99,4.99,4.99,4.99,4.73,4.99,4.99,4.99,4.99,4.99,2.81,3.92,4.08,3.94,4.67,,
4.99,4.99,4.99,4.99,4.99,4.99,4.99,4.99,4.99,4.99,4.99,2.7,3.75,3.8,4.21,3.97,4.68,4.99,4.99,4.99,4.99,4.71,4.99,4.99,4.99,4.99,4.99,2.8,3.91,4.07,3.94,4.67,,
4.99,4.99,4.99,4.99,4.99,4.99,4.99,4.99,4.99,4.99,4.99,2.7,3.75,3.8,4.22,3.98,4.68,4.99,4.99,4.99,4.99,4.7,4.99,4.99,4.99,4.99,4.99,2.79,3.91,4.06,3.94,4.67,,
4.99,4.99,4.99,4.99,4.99,4.99,4.99,4.99,4.99,4.99,4.99,2.67,3.75,3.79,4.2,3.96,4.68,4.99,4.99,4.99,4.99,4.7,4.99,4.99,4.99,4.99,4.99,2.79,3.9,4.07,3.94,4.67,,
4.99,4.99,4.99,4.99,4.99,4.99,4.99,4.99,4.99,4.99,4.99,2.68,3.73,3.8,4.2,3.96,4.68,4.99,4.99,4.99,4.99,4.7,4.99,4.99,4.99,4.99,4.99,2.78,3.9,4.07,3.93,4.69,,
4.99,4.99,4.99,4.99,4.99,4.99,4.99,4.99,4.99,4.99,4.99,2.67,3.74,3.81,4.2,3.96,4.68,4.99,4.99,4.99,4.99,4.69,4.99,4.99,4.99,4.99,4.99,2.79,3.88,4.07,3.92,4.7,,
4.99,4.99,4.99,4.99,4.99,4.99,4.99,4.99,4.99,4.99,4.99,2.68,3.74,3.8,4.21,3.96,4.67,4.99,4.99,4.99,4.99,4.7,4.99,4.99,4.99,4.99,4.99,2.78,3.9,4.08,3.93,4.69,,
4.99,4.99,4.99,4.99,4.99,4.99,4.99,4.99,4.99,4.99,4.99,2.68,3.74,3.81,4.2,3.96,4.68,4.99,4.99,4.99,4.99,4.7,4.99,4.99,4.99,4.99,4.99,2.8,3.91,4.07,3.92,4.69,,
4.99,4.99,4.99,4.99,4.99,4.99,4.99,4.99,4.99,4.99,4.99,2.67,3.74,3.81,4.2,3.96,4.68,4.99,4.99,4.99,4.99,4.7,4.99,4.99,4.99,4.99,4.99,2.8,3.89,4.07,3.92,4.7,,
4.99,4.99,4.99,4.99,4.99,4.99,4.99,4.99,4.99,4.99,4.99,2.67,3.75,3.81,4.21,3.96,4.68,4.99,4.99,4.99,4.99,4.71,4.99,4.99,4.99,4.99,4.99,2.79,3.89,4.07,3.93,4.69,,
4.99,4.99,4.99,4.99,4.99,4.99,4.99,4.99,4.99,4.99,4.99,2.67,3.75,3.8,4.21,3.96,4.67,4.99,4.99,4.99,4.99,4.71,4.99,4.99,4.99,4.99,4.99,2.79,3.89,4.08,3.92,4.7,,
4.99,4.99,4.99,4.99,4.99,4.99,4.99,4.99,4.99,4.99,4.99,2.67,3.74,3.8,4.22,3.95,4.68,4.99,4.99,4.99,4.99,4.71,4.99,4.99,4.99,4.99,4.99,2.78,3.89,4.08,3.95,4.69,,
4.99,4.99,4.99,4.99,4.99,4.99,4.99,4.99,4.99,4.99,4.99,2.66,3.73,3.8,4.22,3.97,4.68,4.99,4.99,4.99,4.99,4.7,4.99,4.99,4.99,4.99,4.99,2.79,3.89,4.07,3.94,4.7,,
4.99,4.99,4.99,4.99,4.99,4.99,4.99,4.99,4.99,4.99,4.99,2.66,3.73,3.8,4.22,3.96,4.67,4.99,4.99,4.99,4.99,4.71,4.99,4.99,4.99,4.99,4.99,2.77,3.89,4.08,3.94,4.69,,
4.99,4.99,4.99,4.99,4.99,4.99,4.99,4.99,4.99,4.99,4.99,2.69,3.75,3.8,4.22,3.96,4.67,4.99,4.99,4.99,4.99,4.71,4.99,4.99,4.99,4.99,4.99,2.77,3.9,4.08,3.95,4.68,,
4.99,4.99,4.99,4.99,4.99,4.99,4.99,4.99,4.99,4.99,4.99,2.67,3.74,3.79,4.21,3.95,4.68,4.99,4.99,4.99,4.99,4.73,4.99,4.99,4.99,4.99,4.99,2.76,3.89,4.09,3.95,4.68,,
4.99,4.99,4.99,4.99,4.99,4.99,4.99,4.99,4.99,4.99,4.99,2.67,3.76,3.78,4.21,3.95,4.69,4.99,4.99,4.99,4.99,4.7,4.99,4.99,4.99,4.99,4.99,2.77,3.89,4.08,3.96,4.68,,
4.99,4.99,4.99,4.99,4.99,4.99,4.99,4.99,4.99,4.99,4.99,2.66,3.77,3.78,4.21,3.96,4.68,4.99,4.99,4.99,4.99,4.7,4.99,4.99,4.99,4.99,4.99,2.77,3.88,4.09,3.96,4.68,,
4.99,4.99,4.99,4.99,4.99,4.99,4.99,4.99,4.99,4.99,4.99,2.67,3.74,3.77,4.21,3.96,4.67,4.99,4.99,4.99,4.99,4.71,4.99,4.99,4.99,4.99,4.99,2.76,3.86,4.08,3.96,4.69,,
4.99,4.99,4.99,4.99,4.99,4.99,4.99,4.99,4.99,4.99,4.99,2.67,3.73,3.78,4.21,3.97,4.66,4.99,4.99,4.99,4.99,4.7,4.99,4.99,4.99,4.99,4.99,2.77,3.85,4.08,3.95,4.68,,
4.99,4.99,4.99,4.99,4.99,4.99,4.99,4.99,4.99,4.99,4.99,2.67,3.74,3.77,4.21,3.97,4.65,4.99,4.99,4.99,4.99,4.7,4.99,4.99,4.99,4.99,4.99,2.77,3.87,4.09,3.94,4.67,,
4.99,4.99,4.99,4.99,4.99,4.99,4.99,4.99,4.99,4.99,4.99,2.68,3.73,3.78,4.21,3.96,4.65,4.99,4.99,4.99,4.99,4.7,4.99,4.99,4.99,4.99,4.99,2.77,3.9,4.07,3.95,4.68,,
4.99,4.99,4.99,4.99,4.99,4.99,4.99,4.99,4.99,4.99,4.99,2.66,3.71,3.78,4.2,3.96,4.66,4.99,4.99,4.99,4.99,4.69,4.99,4.99,4.99,4.99,4.99,2.76,3.9,4.06,3.94,4.68,,
4.99,4.99,4.99,4.99,4.99,4.99,4.99,4.99,4.99,4.99,4.99,2.66,3.71,3.78,4.2,3.96,4.66,4.99,4.99,4.99,4.99,4.71,4.99,4.99,4.99,4.99,4.99,2.76,3.9,4.04,3.93,4.67,,
4.99,4.99,4.99,4.99,4.99,4.99,4.99,4.99,4.99,4.99,4.99,2.65,3.71,3.78,4.19,3.96,4.65,4.99,4.99,4.99,4.99,4.71,4.99,4.99,4.99,4.99,4.99,2.75,3.91,4.04,3.93,4.67,,
4.99,4.99,4.99,4.99,4.99,4.99,4.99,4.99,4.99,4.99,4.99,2.65,3.7,3.77,4.2,3.96,4.65,4.99,4.99,4.99,4.99,4.7,4.99,4.99,4.99,4.99,4.99,2.75,3.89,4.05,3.94,4.65,,
4.99,4.99,4.99,4.99,4.99,4.99,4.99,4.99,4.99,4.99,4.99,2.66,3.71,3.77,4.21,3.95,4.65,4.99,4.99,4.99,4.99,4.71,4.99,4.99,4.99,4.99,4.99,2.75,3.91,4.07,3.93,4.65,,
4.99,4.99,4.99,4.99,4.99,4.99,4.99,4.99,4.99,4.99,4.99,2.67,3.74,3.78,4.21,3.94,4.65,4.99,4.99,4.99,4.99,4.7,4.99,4.99,4.99,4.99,4.99,2.75,3.88,4.09,3.93,4.68,,
4.99,4.99,4.99,4.99,4.99,4.99,4.99,4.99,4.99,4.99,4.99,2.68,3.76,3.77,4.21,3.95,4.65,4.99,4.99,4.99,4.99,4.7,4.99,4.99,4.99,4.99,4.99,2.75,3.9,4.09,3.93,4.67,,
4.99,4.99,4.99,4.99,4.99,4.99,4.99,4.99,4.99,4.99,4.99,2.7,3.76,3.76,4.21,3.95,4.64,4.99,4.99,4.99,4.99,4.7,4.99,4.99,4.99,4.99,4.99,2.74,3.89,4.09,3.93,4.68,,
4.99,4.99,4.99,4.99,4.99,4.99,4.99,4.99,4.99,4.99,4.99,2.7,3.75,3.77,4.22,3.95,4.64,4.99,4.99,4.99,4.99,4.71,4.99,4.99,4.99,4.99,4.99,2.74,3.89,4.08,3.93,4.67,,
4.99,4.99,4.99,4.99,4.99,4.99,4.99,4.99,4.99,4.99,4.99,2.69,3.76,3.76,4.21,3.95,4.64,4.99,4.99,4.99,4.99,4.7,4.99,4.99,4.99,4.99,4.99,2.76,3.89,4.08,3.92,4.66,,
4.99,4.99,4.99,4.99,4.99,4.99,4.99,4.99,4.99,4.99,4.99,2.68,3.74,3.76,4.21,3.95,4.64,4.99,4.99,4.99,4.99,4.7,4.99,4.99,4.99,4.99,4.99,2.75,3.87,4.07,3.92,4.66,,
4.99,4.99,4.99,4.99,4.99,4.99,4.99,4.99,4.99,4.99,4.99,2.68,3.74,3.76,4.2,3.95,4.64,4.99,4.99,4.99,4.99,4.7,4.99,4.99,4.99,4.99,4.99,2.75,3.87,4.08,3.91,4.65,,
4.99,4.99,4.99,4.99,4.99,4.99,4.99,4.99,4.99,4.99,4.99,2.67,3.74,3.76,4.2,3.95,4.64,4.99,4.99,4.99,4.99,4.7,4.99,4.99,4.99,4.99,4.99,2.74,3.86,4.08,3.92,4.66,,
4.99,4.99,4.99,4.99,4.99,4.99,4.99,4.99,4.99,4.99,4.99,2.67,3.73,3.75,4.2,3.95,4.65,4.99,4.99,4.99,4.99,4.71,4.99,4.99,4.99,4.99,4.99,2.74,3.88,4.08,3.92,4.66,,
4.99,4.99,4.99,4.99,4.99,4.99,4.99,4.99,4.99,4.99,4.99,2.67,3.74,3.75,4.2,3.95,4.64,4.99,4.99,4.99,4.99,4.71,4.99,4.99,4.99,4.99,4.99,2.72,3.84,4.08,3.92,4.65,,
4.99,4.99,4.99,4.99,4.99,4.99,4.99,4.99,4.99,4.99,4.99,2.66,3.74,3.75,4.19,3.95,4.65,4.99,4.99,4.99,4.99,4.7,4.99,4.99,4.99,4.99,4.99,2.72,3.86,4.08,3.92,4.65,,
4.99,4.99,4.99,4.99,4.99,4.99,4.99,4.99,4.99,4.99,4.99,2.65,3.75,3.75,4.18,3.95,4.65,4.99,4.99,4.99,4.99,4.7,4.99,4.99,4.99,4.99,4.99,2.72,3.85,4.08,3.91,4.66,,
4.99,4.99,4.99,4.99,4.99,4.99,4.99,4.99,4.99,4.99,4.99,2.65,3.74,3.74,4.19,3.95,4.65,4.99,4.99,4.99,4.99,4.7,4.99,4.99,4.99,4.99,4.99,2.72,3.84,4.08,3.91,4.66,,
4.99,4.99,4.99,4.99,4.99,4.99,4.99,4.99,4.99,4.99,4.99,2.65,3.73,3.75,4.2,3.95,4.65,4.99,4.99,4.99,4.99,4.69,4.99,4.99,4.99,4.99,4.99,2.73,3.84,4.07,3.9,4.65,,
4.99,4.99,4.99,4.99,4.99,4.99,4.99,4.99,4.99,4.99,4.99,2.64,3.71,3.75,4.19,3.96,4.64,4.99,4.99,4.99,4.99,4.69,4.99,4.99,4.99,4.99,4.99,2.72,3.84,4.05,3.9,4.65,,
4.99,4.99,4.99,4.99,4.99,4.99,4.99,4.99,4.99,4.99,4.99,2.64,3.71,3.75,4.18,3.96,4.65,4.99,4.99,4.99,4.99,4.7,4.99,4.99,4.99,4.99,4.99,2.72,3.83,4.06,3.91,4.64,,
4.99,4.99,4.99,4.99,4.99,4.99,4.99,4.99,4.99,4.99,4.99,2.63,3.71,3.75,4.2,3.97,4.65,4.99,4.99,4.99,4.99,4.69,4.99,4.99,4.99,4.99,4.99,2.72,3.85,4.07,3.91,4.65,,
4.99,4.99,4.99,4.99,4.99,4.99,4.99,4.99,4.99,4.99,4.99,2.63,3.7,3.75,4.17,3.97,4.65,4.99,4.99,4.99,4.99,4.7,4.99,4.99,4.99,4.99,4.99,2.71,3.85,4.07,3.92,4.65,,
4.99,4.99,4.99,4.99,4.99,4.99,4.99,4.99,4.99,4.99,4.99,2.63,3.69,3.75,4.17,3.97,4.65,4.99,4.99,4.99,4.99,4.7,4.99,4.99,4.99,4.99,4.99,2.71,3.84,4.07,3.92,4.65,,
4.99,4.99,4.99,4.99,4.99,4.99,4.99,4.99,4.99,4.99,4.99,2.63,3.69,3.74,4.18,3.96,4.65,4.99,4.99,4.99,4.99,4.71,4.99,4.99,4.99,4.99,4.99,2.71,3.85,4.08,3.92,4.65,,
4.99,4.99,4.99,4.99,4.99,4.99,4.99,4.99,4.99,4.99,4.99,2.63,3.75,3.74,4.18,3.96,4.65,4.99,4.99,4.99,4.99,4.71,4.99,4.99,4.99,4.99,4.99,2.71,3.84,4.09,3.93,4.65,,
4.99,4.99,4.99,4.99,4.99,4.99,4.99,4.99,4.99,4.99,4.99,2.65,3.72,4.14,4.41,4.54,4.76,4.99,4.99,4.99,4.99,4.71,4.99,4.99,4.99,4.99,4.99,2.92,4.11,4.18,4.06,4.79,4,2019/12/13
4.99,4.99,4.99,4.99,4.99,4.99,4.99,4.99,4.99,4.99,4.99,2.63,3.7,4.15,4.41,4.53,4.76,4.99,4.99,4.99,4.99,4.72,4.99,4.99,4.99,4.99,4.99,2.93,4.13,4.19,4.05,4.8,,
4.99,4.99,4.99,4.99,4.99,4.99,4.99,4.99,4.99,4.99,4.99,2.61,3.7,4.15,4.41,4.53,4.76,4.99,4.99,4.99,4.99,4.72,4.99,4.99,4.99,4.99,4.99,2.95,4.12,4.2,4.05,4.8,,
4.99,4.99,4.99,4.99,4.99,4.99,4.99,4.99,4.99,4.99,4.99,2.62,3.75,4.15,4.41,4.53,4.76,4.99,4.99,4.99,4.99,4.71,4.99,4.99,4.99,4.99,4.99,2.94,4.12,4.19,4.04,4.79,,
4.99,4.99,4.99,4.99,4.99,4.99,4.99,4.99,4.99,4.99,4.99,2.66,3.74,4.15,4.4,4.54,4.76,4.99,4.99,4.99,4.99,4.72,4.99,4.99,4.99,4.99,4.99,2.95,4.14,4.18,4.04,4.79,,
4.99,4.99,4.99,4.99,4.99,4.99,4.99,4.99,4.99,4.99,4.99,2.67,3.7,4.15,4.4,4.53,4.76,4.99,4.99,4.99,4.99,4.71,4.99,4.99,4.99,4.99,4.99,2.93,4.12,4.18,4.04,4.79,,
4.99,4.99,4.99,4.99,4.99,4.99,4.99,4.99,4.99,4.99,4.99,2.64,3.66,4.15,4.39,4.53,4.76,4.99,4.99,4.99,4.99,4.71,4.99,4.99,4.99,4.99,4.99,2.92,4.12,4.18,4.03,4.79,,
4.99,4.99,4.99,4.99,4.99,4.99,4.99,4.99,4.99,4.99,4.99,2.62,3.67,4.14,4.4,4.53,4.76,4.99,4.99,4.99,4.99,4.71,4.99,4.99,4.99,4.99,4.99,2.92,4.12,4.18,4.03,4.79,,
4.99,4.99,4.99,4.99,4.99,4.99,4.99,4.99,4.99,4.99,4.99,2.62,3.67,4.15,4.4,4.53,4.76,4.99,4.99,4.99,4.99,4.7,4.99,4.99,4.99,4.99,4.99,2.92,4.12,4.17,4.03,4.79,,
4.99,4.99,4.99,4.99,4.99,4.99,4.99,4.99,4.99,4.99,4.99,2.63,3.68,4.14,4.39,4.53,4.76,4.99,4.99,4.99,4.99,4.71,4.99,4.99,4.99,4.99,4.99,2.91,4.13,4.17,4.02,4.79,,
4.99,4.99,4.99,4.99,4.99,4.99,4.99,4.99,4.99,4.99,4.99,2.63,3.69,4.13,4.4,4.52,4.76,4.99,4.99,4.99,4.99,4.71,4.99,4.99,4.99,4.99,4.99,2.9,4.11,4.17,4.02,4.79,,
4.99,4.99,4.99,4.99,4.99,4.99,4.99,4.99,4.99,4.99,4.99,2.62,3.69,4.14,4.4,4.53,4.75,4.99,4.99,4.99,4.99,4.71,4.99,4.99,4.99,4.99,4.99,2.91,4.14,4.17,4.02,4.79,,
4.99,4.99,4.99,4.99,4.99,4.99,4.99,4.99,4.99,4.99,4.99,2.61,3.67,4.13,4.39,4.52,4.76,4.99,4.99,4.99,4.99,4.7,4.99,4.99,4.99,4.99,4.99,2.91,4.13,4.17,4.02,4.79,,
4.99,4.99,4.99,4.99,4.99,4.99,4.99,4.99,4.99,4.99,4.99,2.61,3.68,4.13,4.38,4.53,4.75,4.99,4.99,4.99,4.99,4.7,4.99,4.99,4.99,4.99,4.99,2.89,4.13,4.17,4.02,4.79,,
4.99,4.99,4.99,4.99,4.99,4.99,4.99,4.99,4.99,4.99,4.99,2.6,3.69,4.12,4.38,4.52,4.75,4.99,4.99,4.99,4.99,4.7,4.99,4.99,4.99,4.99,4.99,2.88,4.1,4.17,4.02,4.79,,
4.99,4.99,4.99,4.99,4.99,4.99,4.99,4.99,4.99,4.99,4.99,2.59,3.7,4.11,4.38,4.52,4.75,4.99,4.99,4.99,4.99,4.71,4.99,4.99,4.99,4.99,4.99,2.86,4.07,4.17,4.01,4.79,,
4.99,4.99,4.99,4.99,4.99,4.99,4.99,4.99,4.99,4.99,4.99,2.6,3.7,4.11,4.38,4.51,4.75,4.99,4.99,4.99,4.99,4.71,4.99,4.99,4.99,4.99,4.99,2.88,4.08,4.18,4.02,4.79,,
4.99,4.99,4.99,4.99,4.99,4.99,4.99,4.99,4.99,4.99,4.99,2.6,3.68,4.11,4.38,4.51,4.74,4.99,4.99,4.99,4.99,4.7,4.99,4.99,4.99,4.99,4.99,2.86,4.08,4.17,4.02,4.79,,
4.99,4.99,4.99,4.99,4.99,4.99,4.99,4.99,4.99,4.99,4.99,2.59,3.68,4.1,4.37,4.51,4.74,4.99,4.99,4.99,4.99,4.7,4.99,4.99,4.99,4.99,4.99,2.87,4.1,4.16,4.02,4.79,,
4.99,4.99,4.99,4.99,4.99,4.99,4.99,4.99,4.99,4.99,4.99,2.59,3.69,4.1,4.37,4.51,4.75,4.99,4.99,4.99,4.99,4.7,4.99,4.99,4.99,4.99,4.99,2.87,4.09,4.16,4.01,4.79,,
4.99,4.99,4.99,4.99,4.99,4.99,4.99,4.99,4.99,4.99,4.99,2.58,3.71,4.1,4.37,4.51,4.74,4.99,4.99,4.99,4.99,4.7,4.99,4.99,4.99,4.99,4.99,2.88,4.09,4.16,4.01,4.79,,
4.99,4.99,4.99,4.99,4.99,4.99,4.99,4.99,4.99,4.99,4.99,2.58,3.68,4.1,4.37,4.51,4.74,4.99,4.99,4.99,4.99,4.7,4.99,4.99,4.99,4.99,4.99,2.88,4.1,4.16,4.01,4.79,,
4.99,4.99,4.99,4.99,4.99,4.99,4.99,4.99,4.99,4.99,4.99,2.57,3.68,4.09,4.36,4.51,4.75,4.99,4.99,4.99,4.99,4.7,4.99,4.99,4.99,4.99,4.99,2.87,4.09,4.16,4,4.79,,
4.99,4.99,4.99,4.99,4.99,4.99,4.99,4.99,4.99,4.99,4.99,2.58,3.68,4.09,4.37,4.51,4.74,4.99,4.99,4.99,4.99,4.69,4.99,4.99,4.99,4.99,4.99,2.86,4.08,4.16,4,4.79,,
4.99,4.99,4.99,4.99,4.99,4.99,4.99,4.99,4.99,4.99,4.99,2.58,3.67,4.09,4.36,4.51,4.74,4.99,4.99,4.99,4.99,4.7,4.99,4.99,4.99,4.99,4.99,2.87,4.08,4.16,4.01,4.79,,
4.99,4.99,4.99,4.99,4.99,4.99,4.99,4.99,4.99,4.99,4.99,2.59,3.67,4.09,4.36,4.51,4.75,4.99,4.99,4.99,4.99,4.7,4.99,4.99,4.99,4.99,4.99,2.85,4.07,4.16,4.01,4.78,,
4.99,4.99,4.99,4.99,4.99,4.99,4.99,4.99,4.99,4.99,4.99,2.58,3.68,4.09,4.35,4.51,4.74,4.99,4.99,4.99,4.99,4.7,4.99,4.99,4.99,4.99,4.99,2.85,4.06,4.16,4.01,4.79,,
4.99,4.99,4.99,4.99,4.99,4.99,4.99,4.99,4.99,4.99,4.99,2.58,3.67,4.08,4.36,4.5,4.74,4.99,4.99,4.99,4.99,4.7,4.99,4.99,4.99,4.99,4.99,2.86,4.06,4.16,4.01,4.79,,
4.99,4.99,4.99,4.99,4.99,4.99,4.99,4.99,4.99,4.99,4.99,2.59,3.69,4.08,4.34,4.51,4.74,4.99,4.99,4.99,4.99,4.7,4.99,4.99,4.99,4.99,4.99,2.85,4.06,4.17,4,4.79,,
4.99,4.99,4.99,4.99,4.99,4.99,4.99,4.99,4.99,4.99,4.99,2.59,3.66,4.08,4.34,4.51,4.74,4.99,4.99,4.99,4.99,4.69,4.99,4.99,4.99,4.99,4.99,2.85,4.06,4.16,4,4.79,,
4.99,4.99,4.99,4.99,4.99,4.99,4.99,4.99,4.99,4.99,4.99,2.59,3.68,4.08,4.34,4.5,4.74,4.99,4.99,4.99,4.99,4.7,4.99,4.99,4.99,4.99,4.99,2.85,4.07,4.16,3.99,4.79,,
4.99,4.99,4.99,4.99,4.99,4.99,4.99,4.99,4.99,4.99,4.99,2.6,3.68,4.07,4.34,4.51,4.73,4.99,4.99,4.99,4.99,4.69,4.99,4.99,4.99,4.99,4.99,2.86,4.04,4.14,3.98,4.79,,
4.99,4.99,4.99,4.99,4.99,4.99,4.99,4.99,4.99,4.99,4.99,2.58,3.66,4.07,4.34,4.51,4.73,4.99,4.99,4.99,4.99,4.69,4.99,4.99,4.99,4.99,4.99,2.85,4.05,4.14,3.99,4.79,,
4.99,4.99,4.99,4.99,4.99,4.99,4.99,4.99,4.99,4.99,4.99,2.57,3.64,4.06,4.34,4.51,4.73,4.99,4.99,4.99,4.99,4.69,4.99,4.99,4.99,4.99,4.99,2.84,4.07,4.14,3.98,4.78,,
4.99,4.99,4.99,4.99,4.99,4.99,4.99,4.99,4.99,4.99,4.99,2.57,3.61,4.06,4.33,4.51,4.73,4.99,4.99,4.99,4.99,4.69,4.99,4.99,4.99,4.99,4.99,2.84,4.06,4.15,3.98,4.79,,
4.99,4.99,4.99,4.99,4.99,4.99,4.99,4.99,4.99,4.99,4.99,2.57,3.64,4.04,4.32,4.5,4.73,4.99,4.99,4.99,4.99,4.7,4.99,4.99,4.99,4.99,4.99,2.84,4.04,4.16,3.98,4.79,,
4.99,4.99,4.99,4.99,4.99,4.99,4.99,4.99,4.99,4.99,4.99,2.59,3.7,4.03,4.31,4.5,4.73,4.99,4.99,4.99,4.99,4.7,4.99,4.99,4.99,4.99,4.99,2.83,4.02,4.16,3.98,4.79,,
4.99,4.99,4.99,4.99,4.99,4.99,4.99,4.99,4.99,4.99,4.99,2.59,3.74,4.04,4.3,4.49,4.73,4.99,4.99,4.99,4.99,4.69,4.99,4.99,4.99,4.99,4.99,2.83,4,4.16,3.98,4.79,,
4.99,4.99,4.99,4.99,4.99,4.99,4.99,4.99,4.99,4.99,4.99,2.6,3.71,4.03,4.3,4.49,4.73,4.99,4.99,4.99,4.99,4.69,4.99,4.99,4.99,4.99,4.99,2.83,4,4.17,3.98,4.79,,
4.99,4.99,4.99,4.99,4.99,4.99,4.99,4.99,4.99,4.99,4.99,2.6,3.71,4.03,4.31,4.49,4.73,4.99,4.99,4.99,4.99,4.69,4.99,4.99,4.99,4.99,4.99,2.83,3.99,4.16,3.97,4.79,,
4.99,4.99,4.99,4.99,4.99,4.99,4.99,4.99,4.99,4.99,4.99,2.59,3.67,4.03,4.3,4.49,4.73,4.99,4.99,4.99,4.99,4.69,4.99,4.99,4.99,4.99,4.99,2.82,4.03,4.16,3.97,4.79,,
4.99,4.99,4.99,4.99,4.99,4.99,4.99,4.99,4.99,4.99,4.99,2.58,3.65,4.03,4.3,4.5,4.73,4.99,4.99,4.99,4.99,4.69,4.99,4.99,4.99,4.99,4.99,2.82,4.03,4.16,3.96,4.79,,
4.99,4.99,4.99,4.99,4.99,4.99,4.99,4.99,4.99,4.99,4.99,2.58,3.65,4.02,4.3,4.5,4.73,4.99,4.99,4.99,4.99,4.69,4.99,4.99,4.99,4.99,4.99,2.82,4.03,4.16,3.96,4.79,,
4.99,4.99,4.99,4.99,4.99,4.99,4.99,4.99,4.99,4.99,4.99,2.58,3.65,4.02,4.3,4.49,4.73,4.99,4.99,4.99,4.99,4.69,4.99,4.99,4.99,4.99,4.99,2.81,4.02,4.16,3.98,4.8,,
4.99,4.99,4.99,4.99,4.99,4.99,4.99,4.99,4.99,4.99,4.99,2.59,3.65,4.02,4.29,4.49,4.73,4.99,4.99,4.99,4.99,4.69,4.99,4.99,4.99,4.99,4.99,2.81,4.03,4.17,3.99,4.79,,
4.99,4.99,4.99,4.99,4.99,4.99,4.99,4.99,4.99,4.99,4.99,2.59,3.66,4.01,4.3,4.49,4.73,4.99,4.99,4.99,4.99,4.69,4.99,4.99,4.99,4.99,4.99,2.81,4.01,4.16,3.98,4.79,,
4.99,4.99,4.99,4.99,4.99,4.99,4.99,4.99,4.99,4.99,4.99,2.58,3.66,4.01,4.3,4.49,4.73,4.99,4.99,4.99,4.99,4.69,4.99,4.99,4.99,4.99,4.99,2.81,4.02,4.16,3.98,4.79,,
4.99,4.99,4.99,4.99,4.99,4.99,4.99,4.99,4.99,4.99,4.99,2.57,3.64,4.03,4.29,4.5,4.73,4.99,4.99,4.99,4.99,4.69,4.99,4.99,4.99,4.99,4.99,2.81,4.01,4.15,3.97,4.79,,
4.99,4.99,4.99,4.99,4.99,4.99,4.99,4.99,4.99,4.99,4.99,2.56,3.64,4.02,4.3,4.5,4.73,4.99,4.99,4.99,4.99,4.69,4.99,4.99,4.99,4.99,4.99,2.81,4.03,4.14,3.95,4.79,,
4.99,4.99,4.99,4.99,4.99,4.99,4.99,4.99,4.99,4.99,4.99,2.56,3.62,4.02,4.3,4.48,4.73,4.99,4.99,4.99,4.99,4.69,4.99,4.99,4.99,4.99,4.99,2.81,4.01,4.15,3.96,4.79,,
4.99,4.99,4.99,4.99,4.99,4.99,4.99,4.99,4.99,4.99,4.99,2.57,3.64,4.02,4.3,4.48,4.73,4.99,4.99,4.99,4.99,4.69,4.99,4.99,4.99,4.99,4.99,2.81,4,4.16,3.95,4.79,,
4.99,4.99,4.99,4.99,4.99,4.99,4.99,4.99,4.99,4.99,4.99,2.56,3.64,4.02,4.3,4.49,4.73,4.99,4.99,4.99,4.99,4.69,4.99,4.99,4.99,4.99,4.99,2.8,3.98,4.15,3.95,4.79,,
4.99,4.99,4.99,4.99,4.99,4.99,4.99,4.99,4.99,4.99,4.99,2.57,3.65,4.02,4.3,4.48,4.73,4.99,4.99,4.99,4.99,4.69,4.99,4.99,4.99,4.99,4.99,2.8,3.96,4.15,3.96,4.79,,
4.99,4.99,4.99,4.99,4.99,4.99,4.99,4.99,4.99,4.99,4.99,2.58,3.65,4,4.31,4.48,4.73,4.99,4.99,4.99,4.99,4.69,4.99,4.99,4.99,4.99,4.99,2.8,3.96,4.15,3.96,4.78,,
4.99,4.99,4.99,4.99,4.99,4.99,4.99,4.99,4.99,4.99,4.99,2.57,3.65,3.99,4.31,4.47,4.73,4.99,4.99,4.99,4.99,4.69,4.99,4.99,4.99,4.99,4.99,2.8,3.95,4.14,3.95,4.79,,
4.99,4.99,4.72,4.99,4.99,4.99,4.99,4.99,4.99,4.99,4.99,2.89,3.66,3.80,4.16,3.95,4.65,4.99,4.99,4.99,4.99,4.69,4.99,4.99,4.99,4.99,4.99,3.03,3.90,4.29,4.05,4.55,5,2019-12-14
4.99,4.99,4.78,4.99,4.99,4.99,4.99,4.99,4.99,4.99,4.99,2.84,3.61,3.79,4.17,3.94,4.63,4.99,4.99,4.99,4.99,4.72,4.99,4.99,4.99,4.99,4.99,3.00,3.95,4.33,4.16,4.61
4.99,4.99,4.88,4.99,4.99,4.99,4.99,4.99,4.99,4.99,4.99,2.84,3.67,3.79,4.13,3.91,4.63,4.99,4.99,4.99,4.99,4.72,4.99,4.99,4.99,4.99,4.99,3.00,3.91,4.33,4.14,4.55
4.99,4.99,4.74,4.99,4.99,4.99,4.99,4.99,4.99,4.99,4.99,2.92,3.73,3.77,4.14,3.93,4.62,4.99,4.99,4.99,4.99,4.72,4.99,4.99,4.99,4.99,4.99,2.98,3.84,4.34,4.12,4.52
4.99,4.99,4.72,4.99,4.99,4.99,4.99,4.99,4.99,4.99,4.99,2.92,3.68,3.77,4.15,3.94,4.62,4.99,4.99,4.99,4.99,4.70,4.99,4.99,4.99,4.99,4.99,2.96,3.84,4.31,4.10,4.52
4.99,4.99,4.72,4.99,4.99,4.99,4.99,4.99,4.99,4.99,4.99,2.88,3.63,3.77,4.15,3.93,4.62,4.99,4.99,4.99,4.99,4.70,4.99,4.99,4.99,4.99,4.99,2.96,3.83,4.31,4.10,4.53
4.99,4.99,4.72,4.99,4.99,4.99,4.99,4.99,4.99,4.99,4.99,2.83,3.70,3.76,4.13,3.92,4.62,4.99,4.99,4.99,4.99,4.70,4.99,4.99,4.99,4.99,4.99,2.95,3.76,4.30,4.09,4.53
4.99,4.99,4.72,4.99,4.99,4.99,4.99,4.99,4.99,4.99,4.99,2.82,3.70,3.75,4.13,3.90,4.62,4.99,4.99,4.99,4.99,4.68,4.99,4.99,4.99,4.99,4.99,2.97,3.80,4.28,4.07,4.54
4.99,4.99,4.72,4.99,4.99,4.99,4.99,4.99,4.99,4.99,4.99,2.81,3.72,3.75,4.12,3.90,4.62,4.99,4.99,4.99,4.99,4.68,4.99,4.99,4.99,4.99,4.99,3.10,3.84,4.29,4.06,4.54
4.99,4.99,4.73,4.99,4.99,4.99,4.99,4.99,4.99,4.99,4.99,2.80,3.75,3.75,4.13,3.91,4.61,4.99,4.99,4.99,4.99,4.69,4.99,4.99,4.99,4.99,4.99,3.08,3.78,4.29,4.06,4.54
4.99,4.99,4.73,4.99,4.99,4.99,4.99,4.99,4.99,4.99,4.99,2.79,3.74,3.75,4.12,3.91,4.62,4.99,4.99,4.99,4.99,4.69,4.99,4.99,4.99,4.99,4.99,3.11,3.78,4.29,4.06,4.53
4.99,4.99,4.73,4.99,4.99,4.99,4.99,4.99,4.99,4.99,4.99,2.78,3.72,3.75,4.13,3.92,4.61,4.99,4.99,4.99,4.99,4.69,4.99,4.99,4.99,4.99,4.99,3.08,3.76,4.30,4.06,4.53
4.99,4.99,4.72,4.99,4.99,4.99,4.99,4.99,4.99,4.99,4.99,2.78,3.66,3.74,4.11,3.91,4.61,4.99,4.99,4.99,4.99,4.70,4.99,4.99,4.99,4.99,4.99,3.02,3.75,4.30,4.09,4.53
4.99,4.99,4.72,4.99,4.99,4.99,4.99,4.99,4.99,4.99,4.99,2.82,3.68,3.73,4.10,3.90,4.61,4.99,4.99,4.99,4.99,4.70,4.99,4.99,4.99,4.99,4.99,3.01,3.75,4.30,4.11,4.53
4.99,4.99,4.72,4.99,4.99,4.99,4.99,4.99,4.99,4.99,4.99,2.82,3.66,3.73,4.11,3.91,4.60,4.99,4.99,4.99,4.99,4.71,4.99,4.99,4.99,4.99,4.99,3.00,3.75,4.30,4.12,4.53
4.99,4.99,4.72,4.99,4.99,4.99,4.99,4.99,4.99,4.99,4.99,2.83,3.66,3.73,4.12,3.91,4.62,4.99,4.99,4.99,4.99,4.69,4.99,4.99,4.99,4.99,4.99,3.06,3.76,4.29,4.11,4.53
4.99,4.99,4.72,4.99,4.99,4.99,4.99,4.99,4.99,4.99,4.99,2.83,3.63,3.73,4.11,3.91,4.61,4.99,4.99,4.99,4.99,4.70,4.99,4.99,4.99,4.99,4.99,3.05,3.78,4.28,4.11,4.53
4.99,4.99,4.72,4.99,4.99,4.99,4.99,4.99,4.99,4.99,4.99,2.80,3.57,3.74,4.11,3.91,4.60,4.99,4.99,4.99,4.99,4.69,4.99,4.99,4.99,4.99,4.99,3.06,3.77,4.29,4.11,4.53
4.99,4.99,4.72,4.99,4.99,4.99,4.99,4.99,4.99,4.99,4.99,2.82,3.61,3.74,4.11,3.90,4.61,4.99,4.99,4.99,4.99,4.70,4.99,4.99,4.99,4.99,4.99,3.03,3.76,4.28,4.11,4.53
4.99,4.99,4.72,4.99,4.99,4.99,4.99,4.99,4.99,4.99,4.99,2.82,3.60,3.74,4.11,3.90,4.61,4.99,4.99,4.99,4.99,4.70,4.99,4.99,4.99,4.99,4.99,3.01,3.76,4.29,4.10,4.53
4.99,4.99,4.72,4.99,4.99,4.99,4.99,4.99,4.99,4.99,4.99,2.82,3.60,3.73,4.10,3.91,4.60,4.99,4.99,4.99,4.99,4.70,4.99,4.99,4.99,4.99,4.99,3.01,3.74,4.28,4.10,4.53
4.99,4.99,4.72,4.99,4.99,4.99,4.99,4.99,4.99,4.99,4.99,2.81,3.59,3.73,4.10,3.91,4.60,4.99,4.99,4.99,4.99,4.69,4.99,4.99,4.99,4.99,4.99,3.00,3.75,4.28,4.10,4.53
4.99,4.99,4.72,4.99,4.99,4.99,4.99,4.99,4.99,4.99,4.99,2.82,3.60,3.73,4.10,3.90,4.60,4.99,4.99,4.99,4.99,4.70,4.99,4.99,4.99,4.99,4.99,3.00,3.78,4.28,4.10,4.53
4.99,4.99,4.72,4.99,4.99,4.99,4.99,4.99,4.99,4.99,4.99,2.81,3.58,3.72,4.10,3.91,4.60,4.99,4.99,4.99,4.99,4.70,4.99,4.99,4.99,4.99,4.99,3.00,3.78,4.28,4.10,4.52
4.99,4.99,4.72,4.99,4.99,4.99,4.99,4.99,4.99,4.99,4.99,2.81,3.59,3.72,4.10,3.91,4.60,4.99,4.99,4.99,4.99,4.70,4.99,4.99,4.99,4.99,4.99,3.03,3.79,4.28,4.10,4.52
4.99,4.99,4.72,4.99,4.99,4.99,4.99,4.99,4.99,4.99,4.99,2.82,3.60,3.73,4.10,3.90,4.60,4.99,4.99,4.99,4.99,4.70,4.99,4.99,4.99,4.99,4.99,3.01,3.79,4.27,4.09,4.52
4.99,4.99,4.72,4.99,4.99,4.99,4.99,4.99,4.99,4.99,4.99,2.82,3.59,3.72,4.09,3.90,4.60,4.99,4.99,4.99,4.99,4.70,4.99,4.99,4.99,4.99,4.99,2.99,3.77,4.27,4.09,4.52
4.99,4.99,4.72,4.99,4.99,4.99,4.99,4.99,4.99,4.99,4.99,2.82,3.58,3.72,4.09,3.89,4.60,4.99,4.99,4.99,4.99,4.69,4.99,4.99,4.99,4.99,4.99,2.98,3.79,4.27,4.09,4.52
4.99,4.99,4.72,4.99,4.99,4.99,4.99,4.99,4.99,4.99,4.99,2.82,3.58,3.72,4.09,3.89,4.60,4.99,4.99,4.99,4.99,4.69,4.99,4.99,4.99,4.99,4.99,2.97,3.77,4.27,4.10,4.52
4.99,4.99,4.72,4.99,4.99,4.99,4.99,4.99,4.99,4.99,4.99,2.83,3.57,3.72,4.09,3.89,4.60,4.99,4.99,4.99,4.99,4.70,4.99,4.99,4.99,4.99,4.99,2.95,3.79,4.27,4.10,4.53
4.99,4.99,4.72,4.99,4.99,4.99,4.99,4.99,4.99,4.99,4.99,2.85,3.57,3.71,4.09,3.89,4.60,4.99,4.99,4.99,4.99,4.69,4.99,4.99,4.99,4.99,4.99,2.94,3.80,4.25,4.10,4.52
4.99,4.99,4.73,4.99,4.99,4.99,4.99,4.99,4.99,4.99,4.99,2.85,3.56,3.71,4.08,3.88,4.60,4.99,4.99,4.99,4.99,4.70,4.99,4.99,4.99,4.99,4.99,2.94,3.80,4.26,4.10,4.52
4.99,4.99,4.72,4.99,4.99,4.99,4.99,4.99,4.99,4.99,4.99,2.87,3.56,3.71,4.08,3.88,4.59,4.99,4.99,4.99,4.99,4.70,4.99,4.99,4.99,4.99,4.99,2.94,3.79,4.25,4.10,4.52
4.99,4.99,4.72,4.99,4.99,4.99,4.99,4.99,4.99,4.99,4.99,2.84,3.58,3.71,4.08,3.88,4.59,4.99,4.99,4.99,4.99,4.70,4.99,4.99,4.99,4.99,4.99,2.94,3.78,4.25,4.05,4.51
4.99,4.99,4.72,4.99,4.99,4.99,4.99,4.99,4.99,4.99,4.99,2.83,3.53,3.70,4.07,3.88,4.59,4.99,4.99,4.99,4.99,4.70,4.99,4.99,4.99,4.99,4.99,2.92,3.77,4.24,4.04,4.51
4.99,4.99,4.72,4.99,4.99,4.99,4.99,4.99,4.99,4.99,4.99,2.82,3.54,3.71,4.08,3.88,4.59,4.99,4.99,4.99,4.99,4.70,4.99,4.99,4.99,4.99,4.99,2.92,3.77,4.24,4.03,4.51
4.99,4.99,4.72,4.99,4.99,4.99,4.99,4.99,4.99,4.99,4.99,2.80,3.53,3.70,4.08,3.88,4.59,4.99,4.99,4.99,4.99,4.70,4.99,4.99,4.99,4.99,4.99,2.91,3.75,4.25,4.05,4.51
4.99,4.99,4.72,4.99,4.99,4.99,4.99,4.99,4.99,4.99,4.99,2.83,3.54,3.70,4.07,3.88,4.59,4.99,4.99,4.99,4.99,4.70,4.99,4.99,4.99,4.99,4.99,2.92,3.78,4.25,4.04,4.51
4.99,4.99,4.72,4.99,4.99,4.99,4.99,4.99,4.99,4.99,4.99,2.82,3.52,3.70,4.07,3.88,4.59,4.99,4.99,4.99,4.99,4.70,4.99,4.99,4.99,4.99,4.99,2.92,3.78,4.25,4.04,4.51
4.99,4.99,4.72,4.99,4.99,4.99,4.99,4.99,4.99,4.99,4.99,2.83,3.52,3.70,4.07,3.88,4.60,4.99,4.99,4.99,4.99,4.70,4.99,4.99,4.99,4.99,4.99,2.92,3.76,4.25,4.05,4.51
4.99,4.99,4.72,4.99,4.99,4.99,4.99,4.99,4.99,4.99,4.99,2.84,3.52,3.70,4.07,3.87,4.59,4.99,4.99,4.99,4.99,4.70,4.99,4.99,4.99,4.99,4.99,2.91,3.76,4.25,4.04,4.51
4.99,4.99,4.72,4.99,4.99,4.99,4.99,4.99,4.99,4.99,4.99,2.82,3.50,3.70,4.08,3.88,4.59,4.99,4.99,4.99,4.99,4.70,4.99,4.99,4.99,4.99,4.99,2.91,3.77,4.25,4.04,4.51
4.99,4.99,4.72,4.99,4.99,4.99,4.99,4.99,4.99,4.99,4.99,2.83,3.50,3.69,4.07,3.88,4.59,4.99,4.99,4.99,4.99,4.70,4.99,4.99,4.99,4.99,4.99,2.90,3.76,4.25,4.04,4.51
4.99,4.99,4.71,4.99,4.99,4.99,4.99,4.99,4.99,4.99,4.99,2.83,3.53,3.69,4.07,3.88,4.59,4.99,4.99,4.99,4.99,4.70,4.99,4.99,4.99,4.99,4.99,2.91,3.76,4.24,4.05,4.51
4.99,4.99,4.72,4.99,4.99,4.99,4.99,4.99,4.99,4.99,4.99,2.85,3.53,3.69,4.08,3.88,4.59,4.99,4.99,4.99,4.99,4.70,4.99,4.99,4.99,4.99,4.99,2.91,3.77,4.26,4.04,4.51
4.99,4.99,4.72,4.99,4.99,4.99,4.99,4.99,4.99,4.99,4.99,2.83,3.53,3.68,4.08,3.88,4.59,4.99,4.99,4.99,4.99,4.71,4.99,4.99,4.99,4.99,4.99,2.91,3.77,4.25,4.05,4.51
4.99,4.99,4.71,4.99,4.99,4.99,4.99,4.99,4.99,4.99,4.99,2.84,3.52,3.68,4.07,3.88,4.59,4.99,4.99,4.99,4.99,4.70,4.99,4.99,4.99,4.99,4.99,2.91,3.78,4.26,4.04,4.51
4.99,4.99,4.71,4.99,4.99,4.99,4.99,4.99,4.99,4.99,4.99,2.87,3.54,3.68,4.07,3.87,4.60,4.99,4.99,4.99,4.99,4.69,4.99,4.99,4.99,4.99,4.99,2.91,3.78,4.25,4.04,4.51
4.99,4.99,4.72,4.99,4.99,4.99,4.99,4.99,4.99,4.99,4.99,2.86,3.51,3.68,4.07,3.87,4.59,4.99,4.99,4.99,4.99,4.70,4.99,4.99,4.99,4.99,4.99,2.90,3.78,4.24,4.05,4.51
4.99,4.99,4.72,4.99,4.99,4.99,4.99,4.99,4.99,4.99,4.99,2.85,3.52,3.68,4.07,3.87,4.60,4.99,4.99,4.99,4.99,4.69,4.99,4.99,4.99,4.99,4.99,2.90,3.76,4.25,4.05,4.51
4.99,4.99,4.72,4.99,4.99,4.99,4.99,4.99,4.99,4.99,4.99,2.84,3.55,3.68,4.07,3.87,4.59,4.99,4.99,4.99,4.99,4.70,4.99,4.99,4.99,4.99,4.99,2.89,3.75,4.24,4.05,4.51
4.99,4.99,4.72,4.99,4.99,4.99,4.99,4.99,4.99,4.99,4.99,2.83,3.55,3.68,4.07,3.87,4.59,4.99,4.99,4.99,4.99,4.70,4.99,4.99,4.99,4.99,4.99,2.90,3.77,4.25,4.04,4.51
4.99,4.99,4.72,4.99,4.99,4.99,4.99,4.99,4.99,4.99,4.99,2.84,3.56,3.68,4.07,3.87,4.60,4.99,4.99,4.99,4.99,4.70,4.99,4.99,4.99,4.99,4.99,2.90,3.76,4.24,4.04,4.51
4.99,4.99,4.72,4.99,4.99,4.99,4.99,4.99,4.99,4.99,4.99,2.83,3.57,3.68,4.06,3.87,4.59,4.99,4.99,4.99,4.99,4.70,4.99,4.99,4.99,4.99,4.99,2.89,3.75,4.24,4.04,4.50
4.71,4.99,4.75,4.99,4.99,4.99,4.99,4.99,4.99,4.99,4.99,2.59,3.72,3.66,4.10,4.10,4.66,4.99,4.99,4.99,4.99,4.58,4.99,4.99,4.99,4.99,4.99,2.81,3.69,3.78,3.78,4.10,6,2019-12-14
4.72,4.99,4.73,4.99,4.99,4.99,4.99,4.99,4.99,4.99,4.99,2.65,3.79,3.66,4.08,4.10,4.65,4.99,4.99,4.99,4.99,4.58,4.99,4.99,4.99,4.99,4.99,2.81,3.67,3.77,3.76,4.10
4.73,4.99,4.80,4.99,4.99,4.99,4.99,4.99,4.99,4.99,4.99,2.65,3.74,3.67,4.07,4.10,4.65,4.99,4.99,4.99,4.99,4.58,4.99,4.99,4.99,4.99,4.99,2.82,3.68,3.78,3.76,4.11
4.73,4.99,4.99,4.99,4.99,4.99,4.99,4.99,4.99,4.99,4.99,2.64,3.75,3.66,4.09,4.12,4.66,4.99,4.99,4.99,4.99,4.58,4.99,4.99,4.99,4.99,4.99,2.86,3.68,3.78,3.78,4.10
4.76,4.99,4.99,4.99,4.99,4.99,4.99,4.99,4.99,4.99,4.99,2.66,3.76,3.66,4.08,4.11,4.65,4.99,4.99,4.99,4.99,4.58,4.99,4.99,4.99,4.99,4.99,2.90,3.70,3.75,3.77,4.11
4.76,4.99,4.99,4.99,4.99,4.99,4.99,4.99,4.99,4.99,4.99,2.62,3.74,3.66,4.07,4.13,4.66,4.99,4.99,4.99,4.99,4.57,4.99,4.99,4.99,4.99,4.99,2.95,3.65,3.75,3.78,4.11
4.76,4.99,4.99,4.99,4.99,4.99,4.99,4.99,4.99,4.99,4.99,2.60,3.73,3.65,4.06,4.12,4.65,4.99,4.99,4.99,4.99,4.58,4.99,4.99,4.99,4.99,4.99,2.94,3.60,3.75,3.77,4.09
4.74,4.99,4.99,4.99,4.99,4.99,4.99,4.99,4.99,4.99,4.99,2.59,3.77,3.65,4.04,4.11,4.66,4.99,4.99,4.99,4.99,4.58,4.99,4.99,4.99,4.99,4.99,2.96,3.52,3.74,3.76,4.08
4.74,4.99,4.99,4.99,4.99,4.99,4.99,4.99,4.99,4.99,4.99,2.57,3.75,3.64,4.04,4.09,4.64,4.99,4.99,4.99,4.99,4.57,4.99,4.99,4.99,4.99,4.99,2.94,3.49,3.73,3.76,4.08
4.74,4.99,4.99,4.99,4.99,4.99,4.99,4.99,4.99,4.99,4.99,2.56,3.75,3.64,4.03,4.09,4.65,4.99,4.99,4.99,4.99,4.59,4.99,4.99,4.99,4.99,4.99,2.91,3.44,3.74,3.75,4.08
4.74,4.99,4.99,4.99,4.99,4.99,4.99,4.99,4.99,4.99,4.99,2.59,3.76,3.64,4.03,4.10,4.65,4.99,4.99,4.99,4.99,4.59,4.99,4.99,4.99,4.99,4.99,2.89,3.44,3.75,3.75,4.08
4.74,4.99,4.99,4.99,4.99,4.99,4.99,4.99,4.99,4.99,4.99,2.60,3.75,3.65,4.03,4.10,4.66,4.99,4.99,4.99,4.99,4.59,4.99,4.99,4.99,4.99,4.99,2.85,3.45,3.76,3.74,4.09
4.75,4.99,4.99,4.99,4.99,4.99,4.99,4.99,4.99,4.99,4.99,2.60,3.73,3.65,4.03,4.11,4.64,4.99,4.99,4.99,4.99,4.63,4.99,4.99,4.99,4.99,4.99,2.85,3.49,3.77,3.74,4.10
4.74,4.99,4.99,4.99,4.99,4.99,4.99,4.99,4.99,4.99,4.99,2.60,3.72,3.65,4.03,4.10,4.64,4.99,4.99,4.99,4.99,4.63,4.99,4.99,4.99,4.99,4.99,2.84,3.48,3.77,3.73,4.11
4.73,4.99,4.99,4.99,4.99,4.99,4.99,4.99,4.99,4.99,4.99,2.59,3.70,3.65,4.04,4.10,4.64,4.99,4.99,4.99,4.99,4.62,4.99,4.99,4.99,4.99,4.99,2.83,3.49,3.77,3.73,4.13
4.74,4.99,4.99,4.99,4.99,4.99,4.99,4.99,4.99,4.99,4.99,2.57,3.68,3.65,4.04,4.10,4.65,4.99,4.99,4.99,4.99,4.62,4.99,4.99,4.99,4.99,4.99,2.83,3.49,3.76,3.74,4.13
4.73,4.99,4.99,4.99,4.99,4.99,4.99,4.99,4.99,4.99,4.99,2.57,3.67,3.65,4.03,4.09,4.65,4.99,4.99,4.99,4.99,4.62,4.99,4.99,4.99,4.99,4.99,2.83,3.52,3.75,3.74,4.13
4.74,4.99,4.99,4.99,4.99,4.99,4.99,4.99,4.99,4.99,4.99,2.59,3.68,3.65,4.03,4.09,4.65,4.99,4.99,4.99,4.99,4.63,4.99,4.99,4.99,4.99,4.99,2.82,3.52,3.75,3.73,4.14
4.74,4.99,4.99,4.99,4.99,4.99,4.99,4.99,4.99,4.99,4.99,2.58,3.68,3.64,4.03,4.08,4.64,4.99,4.99,4.99,4.99,4.63,4.99,4.99,4.99,4.99,4.99,2.81,3.51,3.75,3.74,4.15
4.74,4.99,4.99,4.99,4.99,4.99,4.99,4.99,4.99,4.99,4.99,2.57,3.66,3.64,4.03,4.08,4.64,4.99,4.99,4.99,4.99,4.62,4.99,4.99,4.99,4.99,4.99,2.81,3.52,3.75,3.74,4.16
4.74,4.99,4.99,4.99,4.99,4.99,4.99,4.99,4.99,4.99,4.99,2.57,3.66,3.64,4.03,4.08,4.64,4.99,4.99,4.99,4.99,4.63,4.99,4.99,4.99,4.99,4.99,2.81,3.53,3.75,3.74,4.16
4.73,4.99,4.99,4.99,4.99,4.99,4.99,4.99,4.99,4.99,4.99,2.57,3.65,3.64,4.02,4.09,4.64,4.99,4.99,4.99,4.99,4.62,4.99,4.99,4.99,4.99,4.99,2.80,3.52,3.75,3.75,4.15
4.73,4.99,4.99,4.99,4.99,4.99,4.99,4.99,4.99,4.99,4.99,2.56,3.66,3.64,4.02,4.08,4.64,4.99,4.99,4.99,4.99,4.63,4.99,4.99,4.99,4.99,4.99,2.80,3.51,3.74,3.74,4.15
4.74,4.99,4.99,4.99,4.99,4.99,4.99,4.99,4.99,4.99,4.99,2.56,3.69,3.64,4.01,4.07,4.64,4.99,4.99,4.99,4.99,4.63,4.99,4.99,4.99,4.99,4.99,2.81,3.50,3.75,3.73,4.16
4.74,4.99,4.99,4.99,4.99,4.99,4.99,4.99,4.99,4.99,4.99,2.56,3.70,3.64,4.01,4.07,4.64,4.99,4.99,4.99,4.99,4.63,4.99,4.99,4.99,4.99,4.99,2.80,3.48,3.74,3.75,4.14
4.75,4.99,4.99,4.99,4.99,4.99,4.99,4.99,4.99,4.99,4.99,2.61,3.68,3.63,4.01,4.07,4.66,4.99,4.99,4.99,4.99,4.62,4.99,4.99,4.99,4.99,4.99,2.79,3.60,3.74,3.73,4.14
4.73,4.99,4.99,4.99,4.99,4.99,4.99,4.99,4.99,4.99,4.99,2.65,3.69,3.63,4.01,4.06,4.66,4.99,4.99,4.99,4.99,4.62,4.99,4.99,4.99,4.99,4.99,2.78,3.59,3.74,3.74,4.12
4.73,4.99,4.99,4.99,4.99,4.99,4.99,4.99,4.99,4.99,4.99,2.65,3.72,3.63,4.00,4.05,4.66,4.99,4.99,4.99,4.99,4.62,4.99,4.99,4.99,4.99,4.99,2.78,3.58,3.74,3.73,4.11
4.73,4.99,4.99,4.99,4.99,4.99,4.99,4.99,4.99,4.99,4.99,2.62,3.72,3.62,4.00,4.05,4.65,4.99,4.99,4.99,4.99,4.62,4.99,4.99,4.99,4.99,4.99,2.77,3.53,3.73,3.73,4.11
4.73,4.99,4.99,4.99,4.99,4.99,4.99,4.99,4.99,4.99,4.99,2.61,3.69,3.63,4.00,4.04,4.65,4.99,4.99,4.99,4.99,4.62,4.99,4.99,4.99,4.99,4.99,2.77,3.50,3.73,3.74,4.11
4.73,4.99,4.99,4.99,4.99,4.99,4.99,4.99,4.99,4.99,4.99,2.61,3.69,3.62,4.00,4.04,4.65,4.99,4.99,4.99,4.99,4.62,4.99,4.99,4.99,4.99,4.99,2.77,3.51,3.72,3.73,4.11
4.73,4.99,4.99,4.99,4.99,4.99,4.99,4.99,4.99,4.99,4.99,2.59,3.69,3.62,4.00,4.04,4.65,4.99,4.99,4.99,4.99,4.62,4.99,4.99,4.99,4.99,4.99,2.77,3.50,3.71,3.73,4.11
4.72,4.99,4.99,4.99,4.99,4.99,4.99,4.99,4.99,4.99,4.99,2.58,3.67,3.62,4.00,4.04,4.65,4.99,4.99,4.99,4.99,4.61,4.99,4.99,4.99,4.99,4.99,2.77,3.53,3.72,3.72,4.09
4.73,4.99,4.99,4.99,4.99,4.99,4.99,4.99,4.99,4.99,4.99,2.57,3.68,3.61,4.00,4.04,4.65,4.99,4.99,4.99,4.99,4.62,4.99,4.99,4.99,4.99,4.99,2.77,3.54,3.71,3.72,4.10
4.71,4.99,4.99,4.99,4.99,4.99,4.99,4.99,4.99,4.99,4.99,2.58,3.68,3.61,3.99,4.04,4.65,4.99,4.99,4.99,4.99,4.61,4.99,4.99,4.99,4.99,4.99,2.77,3.53,3.71,3.73,4.10
4.70,4.99,4.99,4.99,4.99,4.99,4.99,4.99,4.99,4.99,4.99,2.57,3.67,3.61,3.99,4.03,4.64,4.99,4.99,4.99,4.99,4.61,4.99,4.99,4.99,4.99,4.99,2.76,3.51,3.72,3.72,4.10
4.71,4.99,4.99,4.99,4.99,4.99,4.99,4.99,4.99,4.99,4.99,2.55,3.67,3.61,3.99,4.03,4.64,4.99,4.99,4.99,4.99,4.61,4.99,4.99,4.99,4.99,4.99,2.76,3.51,3.72,3.72,4.09
4.71,4.99,4.99,4.99,4.99,4.99,4.99,4.99,4.99,4.99,4.99,2.55,3.68,3.60,3.99,4.03,4.64,4.99,4.99,4.99,4.99,4.61,4.99,4.99,4.99,4.99,4.99,2.77,3.49,3.71,3.73,4.09
4.72,4.99,4.99,4.99,4.99,4.99,4.99,4.99,4.99,4.99,4.99,2.55,3.67,3.61,3.99,4.02,4.64,4.99,4.99,4.99,4.99,4.61,4.99,4.99,4.99,4.99,4.99,2.79,3.49,3.71,3.72,4.10
4.73,4.99,4.99,4.99,4.99,4.99,4.99,4.99,4.99,4.99,4.99,2.59,3.67,3.60,3.99,4.01,4.67,4.99,4.99,4.99,4.99,4.61,4.99,4.99,4.99,4.99,4.99,2.81,3.50,3.70,3.73,4.09
4.75,4.99,4.99,4.99,4.99,4.99,4.99,4.99,4.99,4.99,4.99,2.58,3.66,3.60,3.99,4.02,4.65,4.99,4.99,4.99,4.99,4.61,4.99,4.99,4.99,4.99,4.99,2.81,3.48,3.70,3.72,4.09
4.74,4.99,4.99,4.99,4.99,4.99,4.99,4.99,4.99,4.99,4.99,2.58,3.66,3.59,3.98,4.03,4.65,4.99,4.99,4.99,4.99,4.62,4.99,4.99,4.99,4.99,4.99,2.80,3.50,3.70,3.70,4.09
4.75,4.99,4.99,4.99,4.99,4.99,4.99,4.99,4.99,4.99,4.99,2.57,3.65,3.59,3.98,4.02,4.64,4.99,4.99,4.99,4.99,4.62,4.99,4.99,4.99,4.99,4.99,2.81,3.47,3.70,3.70,4.08
4.75,4.99,4.99,4.99,4.99,4.99,4.99,4.99,4.99,4.99,4.99,2.57,3.62,3.58,3.98,4.02,4.65,4.99,4.99,4.99,4.99,4.61,4.99,4.99,4.99,4.99,4.99,2.81,3.47,3.70,3.70,4.08
4.75,4.99,4.99,4.99,4.99,4.99,4.99,4.99,4.99,4.99,4.99,2.56,3.65,3.59,3.98,4.02,4.65,4.99,4.99,4.99,4.99,4.61,4.99,4.99,4.99,4.99,4.99,2.80,3.45,3.70,3.70,4.08
4.74,4.99,4.99,4.99,4.99,4.99,4.99,4.99,4.99,4.99,4.99,2.56,3.62,3.58,3.98,4.02,4.64,4.99,4.99,4.99,4.99,4.63,4.99,4.99,4.99,4.99,4.99,2.80,3.44,3.69,3.70,4.08
4.74,4.99,4.99,4.99,4.99,4.99,4.99,4.99,4.99,4.99,4.99,2.55,3.62,3.58,3.97,4.02,4.64,4.99,4.99,4.99,4.99,4.61,4.99,4.99,4.99,4.99,4.99,2.81,3.42,3.69,3.69,4.08
4.74,4.99,4.99,4.99,4.99,4.99,4.99,4.99,4.99,4.99,4.99,2.55,3.69,3.58,3.97,4.01,4.64,4.99,4.99,4.99,4.99,4.61,4.99,4.99,4.99,4.99,4.99,2.82,3.42,3.69,3.69,4.08
4.73,4.99,4.99,4.99,4.99,4.99,4.99,4.99,4.99,4.99,4.99,2.56,3.68,3.58,3.97,4.02,4.65,4.99,4.99,4.99,4.99,4.61,4.99,4.99,4.99,4.99,4.99,2.87,3.41,3.69,3.70,4.08
4.74,4.99,4.99,4.99,4.99,4.99,4.99,4.99,4.99,4.99,4.99,2.55,3.68,3.57,3.97,4.02,4.64,4.99,4.99,4.99,4.99,4.61,4.99,4.99,4.99,4.99,4.99,2.86,3.40,3.68,3.70,4.08
4.74,4.99,4.99,4.99,4.99,4.99,4.99,4.99,4.99,4.99,4.99,2.54,3.66,3.57,3.97,4.01,4.64,4.99,4.99,4.99,4.99,4.61,4.99,4.99,4.99,4.99,4.99,2.85,3.40,3.68,3.69,4.08
4.73,4.99,4.99,4.99,4.99,4.99,4.99,4.99,4.99,4.99,4.99,2.53,3.67,3.58,3.97,4.01,4.63,4.99,4.99,4.99,4.99,4.61,4.99,4.99,4.99,4.99,4.99,2.84,3.40,3.69,3.69,4.08
4.73,4.99,4.99,4.99,4.99,4.99,4.99,4.99,4.99,4.99,4.99,2.53,3.67,3.59,3.97,4.01,4.65,4.99,4.99,4.99,4.99,4.61,4.99,4.99,4.99,4.99,4.99,2.84,3.41,3.69,3.68,4.08
4.74,4.99,4.99,4.99,4.99,4.99,4.99,4.99,4.99,4.99,4.99,2.54,3.67,3.58,3.97,4.01,4.64,4.99,4.99,4.99,4.99,4.62,4.99,4.99,4.99,4.99,4.99,2.83,3.39,3.69,3.69,4.08
4.73,4.99,4.99,4.99,4.99,4.99,4.99,4.99,4.99,4.99,4.99,2.54,3.67,3.59,3.96,4.02,4.64,4.99,4.99,4.99,4.99,4.62,4.99,4.99,4.99,4.99,4.99,2.84,3.40,3.68,3.68,4.08
4.99,4.99,4.99,4.99,4.99,4.99,4.99,4.99,4.99,4.99,4.99,3.22,3.60,4.02,4.21,4.00,4.69,4.99,4.99,4.99,4.99,4.60,4.99,4.99,4.99,4.99,4.99,3.43,3.96,4.28,4.08,4.23,7,2019-12-14
4.99,4.99,4.99,4.99,4.99,4.99,4.99,4.99,4.99,4.99,4.99,3.25,3.62,4.00,4.19,3.99,4.68,4.99,4.99,4.99,4.99,4.61,4.99,4.99,4.99,4.99,4.99,3.40,3.95,4.28,4.07,4.23
4.99,4.99,4.99,4.99,4.99,4.99,4.99,4.99,4.99,4.99,4.99,3.28,3.59,3.98,4.20,4.00,4.67,4.99,4.99,4.99,4.99,4.61,4.99,4.99,4.99,4.99,4.99,3.36,3.95,4.28,4.07,4.23
4.99,4.99,4.99,4.99,4.99,4.99,4.99,4.99,4.99,4.99,4.99,3.29,3.57,3.98,4.19,4.00,4.68,4.99,4.99,4.99,4.99,4.61,4.99,4.99,4.99,4.99,4.99,3.32,3.91,4.27,4.07,4.23
4.99,4.99,4.99,4.99,4.99,4.99,4.99,4.99,4.99,4.99,4.99,3.27,3.56,3.96,4.20,3.99,4.68,4.99,4.99,4.99,4.99,4.59,4.99,4.99,4.99,4.99,4.99,3.34,3.95,4.28,4.07,4.23
4.99,4.99,4.99,4.99,4.99,4.99,4.99,4.99,4.99,4.99,4.99,3.26,3.54,3.96,4.19,4.00,4.67,4.99,4.99,4.99,4.99,4.60,4.99,4.99,4.99,4.99,4.99,3.33,3.90,4.27,4.07,4.23
4.99,4.99,4.99,4.99,4.99,4.99,4.99,4.99,4.99,4.99,4.99,3.26,3.57,3.96,4.20,3.98,4.68,4.99,4.99,4.99,4.99,4.60,4.99,4.99,4.99,4.99,4.99,3.34,3.90,4.27,4.06,4.23
4.99,4.99,4.99,4.99,4.99,4.99,4.99,4.99,4.99,4.99,4.99,3.26,3.55,3.95,4.20,3.97,4.68,4.99,4.99,4.99,4.99,4.60,4.99,4.99,4.99,4.99,4.99,3.35,3.91,4.27,4.06,4.23
4.99,4.99,4.99,4.99,4.99,4.99,4.99,4.99,4.99,4.99,4.99,3.27,3.56,3.96,4.20,3.97,4.68,4.99,4.99,4.99,4.99,4.59,4.99,4.99,4.99,4.99,4.99,3.36,3.91,4.27,4.05,4.24
4.99,4.99,4.99,4.99,4.99,4.99,4.99,4.99,4.99,4.99,4.99,3.26,3.57,3.93,4.20,3.96,4.60,4.99,4.99,4.99,4.99,4.60,4.99,4.99,4.99,4.99,4.99,3.36,3.91,4.27,4.05,4.23
4.99,4.99,4.99,4.99,4.99,4.99,4.99,4.99,4.99,4.99,4.99,3.26,3.55,3.93,4.20,3.97,4.60,4.99,4.99,4.99,4.99,4.60,4.99,4.99,4.99,4.99,4.99,3.33,3.90,4.27,4.05,4.23
4.99,4.99,4.99,4.99,4.99,4.99,4.99,4.99,4.99,4.99,4.99,3.25,3.55,3.93,4.19,3.98,4.60,4.99,4.99,4.99,4.99,4.60,4.99,4.99,4.99,4.99,4.99,3.32,3.88,4.26,4.05,4.23
4.99,4.99,4.99,4.99,4.99,4.99,4.99,4.99,4.99,4.99,4.99,3.24,3.57,3.94,4.20,4.00,4.59,4.99,4.99,4.99,4.99,4.60,4.99,4.99,4.99,4.99,4.99,3.33,3.88,4.27,4.04,4.23
4.99,4.99,4.99,4.99,4.99,4.99,4.99,4.99,4.99,4.99,4.99,3.25,3.58,3.95,4.19,3.99,4.60,4.99,4.99,4.99,4.99,4.59,4.99,4.99,4.99,4.99,4.99,3.33,3.89,4.26,4.03,4.22
4.99,4.99,4.99,4.99,4.99,4.99,4.99,4.99,4.99,4.99,4.99,3.25,3.54,3.93,4.19,3.98,4.59,4.99,4.99,4.99,4.99,4.60,4.99,4.99,4.99,4.99,4.99,3.31,3.90,4.26,4.03,4.22
4.99,4.99,4.99,4.99,4.99,4.99,4.99,4.99,4.99,4.99,4.99,3.24,3.52,3.93,4.20,4.00,4.59,4.99,4.99,4.99,4.99,4.59,4.99,4.99,4.99,4.99,4.99,3.32,3.87,4.26,4.03,4.23
4.99,4.99,4.99,4.99,4.99,4.99,4.99,4.99,4.99,4.99,4.99,3.23,3.55,3.93,4.19,3.98,4.59,4.99,4.99,4.99,4.99,4.59,4.99,4.99,4.99,4.99,4.99,3.31,3.87,4.25,4.05,4.22
4.99,4.99,4.99,4.99,4.99,4.99,4.99,4.99,4.99,4.99,4.99,3.25,3.55,3.91,4.18,3.97,4.59,4.99,4.99,4.99,4.99,4.59,4.99,4.99,4.99,4.99,4.99,3.30,3.88,4.25,4.04,4.22
4.99,4.99,4.99,4.99,4.99,4.99,4.99,4.99,4.99,4.99,4.99,3.26,3.53,3.90,4.18,3.97,4.59,4.99,4.99,4.99,4.99,4.59,4.99,4.99,4.99,4.99,4.99,3.30,3.86,4.24,4.04,4.22
4.99,4.99,4.99,4.99,4.99,4.99,4.99,4.99,4.99,4.99,4.99,3.27,3.51,3.90,4.18,3.97,4.59,4.99,4.99,4.99,4.99,4.59,4.99,4.99,4.99,4.99,4.99,3.28,3.87,4.25,4.05,4.22
4.99,4.99,4.99,4.99,4.99,4.99,4.99,4.99,4.99,4.99,4.99,3.25,3.51,3.90,4.17,3.98,4.59,4.99,4.99,4.99,4.99,4.59,4.99,4.99,4.99,4.99,4.99,3.28,3.86,4.23,4.04,4.21
4.99,4.99,4.99,4.99,4.99,4.99,4.99,4.99,4.99,4.99,4.99,3.24,3.51,3.90,4.18,3.98,4.59,4.99,4.99,4.99,4.99,4.59,4.99,4.99,4.99,4.99,4.99,3.30,3.84,4.25,4.05,4.22
4.99,4.99,4.99,4.99,4.99,4.99,4.99,4.99,4.99,4.99,4.99,3.24,3.50,3.90,4.18,3.97,4.59,4.99,4.99,4.99,4.99,4.59,4.99,4.99,4.99,4.99,4.99,3.27,3.85,4.24,4.04,4.21
4.99,4.99,4.99,4.99,4.99,4.99,4.99,4.99,4.99,4.99,4.99,3.25,3.50,3.90,4.18,3.96,4.59,4.99,4.99,4.99,4.99,4.59,4.99,4.99,4.99,4.99,4.99,3.28,3.83,4.24,4.03,4.21
4.99,4.99,4.99,4.99,4.99,4.99,4.99,4.99,4.99,4.99,4.99,3.24,3.50,3.89,4.18,3.96,4.59,4.99,4.99,4.99,4.99,4.59,4.99,4.99,4.99,4.99,4.99,3.29,3.83,4.24,4.03,4.21
4.99,4.99,4.99,4.99,4.99,4.99,4.99,4.99,4.99,4.99,4.99,3.24,3.51,3.90,4.18,3.97,4.58,4.99,4.99,4.99,4.99,4.59,4.99,4.99,4.99,4.99,4.99,3.26,3.82,4.24,4.04,4.21
4.99,4.99,4.99,4.99,4.99,4.99,4.99,4.99,4.99,4.99,4.99,3.22,3.49,3.89,4.19,3.98,4.59,4.99,4.99,4.99,4.99,4.59,4.99,4.99,4.99,4.99,4.99,3.27,3.83,4.24,4.03,4.21
4.99,4.99,4.99,4.99,4.99,4.99,4.99,4.99,4.99,4.99,4.99,3.22,3.50,3.90,4.19,3.98,4.58,4.99,4.99,4.99,4.99,4.59,4.99,4.99,4.99,4.99,4.99,3.27,3.79,4.24,4.03,4.21
4.99,4.99,4.99,4.99,4.99,4.99,4.99,4.99,4.99,4.99,4.99,3.23,3.48,3.89,4.19,3.98,4.59,4.99,4.99,4.99,4.99,4.59,4.99,4.99,4.99,4.99,4.99,3.28,3.81,4.23,4.03,4.21
4.99,4.99,4.99,4.99,4.99,4.99,4.99,4.99,4.99,4.99,4.99,3.21,3.49,3.89,4.19,3.97,4.59,4.99,4.99,4.99,4.99,4.59,4.99,4.99,4.99,4.99,4.99,3.26,3.80,4.23,4.03,4.21
4.99,4.99,4.99,4.99,4.99,4.99,4.99,4.99,4.99,4.99,4.99,3.22,3.50,3.88,4.19,3.97,4.58,4.99,4.99,4.99,4.99,4.59,4.99,4.99,4.99,4.99,4.99,3.28,3.81,4.23,4.03,4.21
4.99,4.99,4.99,4.99,4.99,4.99,4.99,4.99,4.99,4.99,4.99,3.21,3.49,3.88,4.19,3.97,4.58,4.99,4.99,4.99,4.99,4.59,4.99,4.99,4.99,4.99,4.99,3.28,3.81,4.23,4.04,4.20
4.99,4.99,4.99,4.99,4.99,4.99,4.99,4.99,4.99,4.99,4.99,3.22,3.51,3.88,4.18,3.96,4.58,4.99,4.99,4.99,4.99,4.59,4.99,4.99,4.99,4.99,4.99,3.27,3.81,4.23,4.03,4.21
4.99,4.99,4.99,4.99,4.99,4.99,4.99,4.99,4.99,4.99,4.99,3.24,3.50,3.87,4.18,3.97,4.58,4.99,4.99,4.99,4.99,4.59,4.99,4.99,4.99,4.99,4.99,3.25,3.82,4.23,4.03,4.21
4.99,4.99,4.99,4.99,4.99,4.99,4.99,4.99,4.99,4.99,4.99,3.25,3.49,3.86,4.18,3.98,4.58,4.99,4.99,4.99,4.99,4.59,4.99,4.99,4.99,4.99,4.99,3.24,3.82,4.23,4.03,4.20
4.99,4.99,4.99,4.99,4.99,4.99,4.99,4.99,4.99,4.99,4.99,3.26,3.48,3.88,4.17,3.96,4.58,4.99,4.99,4.99,4.99,4.59,4.99,4.99,4.99,4.99,4.99,3.30,3.83,4.22,4.03,4.22
4.99,4.99,4.99,4.99,4.99,4.99,4.99,4.99,4.99,4.99,4.99,3.24,3.46,3.88,4.17,3.96,4.58,4.99,4.99,4.99,4.99,4.59,4.99,4.99,4.99,4.99,4.99,3.35,3.83,4.23,4.02,4.20
4.99,4.99,4.99,4.99,4.99,4.99,4.99,4.99,4.99,4.99,4.99,3.21,3.45,3.88,4.18,3.96,4.58,4.99,4.99,4.99,4.99,4.58,4.99,4.99,4.99,4.99,4.99,3.37,3.84,4.22,4.02,4.20
4.99,4.99,4.99,4.99,4.99,4.99,4.99,4.99,4.99,4.99,4.99,3.20,3.44,3.88,4.18,3.96,4.58,4.99,4.99,4.99,4.99,4.58,4.99,4.99,4.99,4.99,4.99,3.35,3.82,4.21,4.02,4.21
4.99,4.99,4.99,4.99,4.99,4.99,4.99,4.99,4.99,4.99,4.99,3.20,3.46,3.89,4.20,3.97,4.58,4.99,4.99,4.99,4.99,4.59,4.99,4.99,4.99,4.99,4.99,3.35,3.81,4.22,4.01,4.21
4.99,4.99,4.99,4.99,4.99,4.99,4.99,4.99,4.99,4.99,4.99,3.18,3.45,3.87,4.19,3.99,4.58,4.99,4.99,4.99,4.99,4.59,4.99,4.99,4.99,4.99,4.99,3.33,3.81,4.23,4.01,4.21
4.99,4.99,4.99,4.99,4.99,4.99,4.99,4.99,4.99,4.99,4.99,3.20,3.49,3.85,4.17,3.97,4.58,4.99,4.99,4.99,4.99,4.59,4.99,4.99,4.99,4.99,4.99,3.30,3.80,4.22,4.02,4.20
4.99,4.99,4.99,4.99,4.99,4.99,4.99,4.99,4.99,4.99,4.99,3.22,3.51,3.85,4.17,3.96,4.58,4.99,4.99,4.99,4.99,4.58,4.99,4.99,4.99,4.99,4.99,3.30,3.79,4.22,4.02,4.22
4.99,4.99,4.99,4.99,4.99,4.99,4.99,4.99,4.99,4.99,4.99,3.24,3.53,3.85,4.18,3.98,4.58,4.99,4.99,4.99,4.99,4.59,4.99,4.99,4.99,4.99,4.99,3.29,3.78,4.21,4.02,4.21
4.99,4.99,4.99,4.99,4.99,4.99,4.99,4.99,4.99,4.99,4.99,3.24,3.52,3.85,4.18,3.97,4.58,4.99,4.99,4.99,4.99,4.59,4.99,4.99,4.99,4.99,4.99,3.27,3.76,4.21,4.01,4.21
4.99,4.99,4.99,4.99,4.99,4.99,4.99,4.99,4.99,4.99,4.99,3.21,3.51,3.85,4.18,3.96,4.58,4.99,4.99,4.99,4.99,4.59,4.99,4.99,4.99,4.99,4.99,3.26,3.75,4.19,4.01,4.20
4.99,4.99,4.99,4.99,4.99,4.99,4.99,4.99,4.99,4.99,4.99,3.21,3.50,3.85,4.18,3.96,4.59,4.99,4.99,4.99,4.99,4.59,4.99,4.99,4.99,4.99,4.99,3.26,3.76,4.20,4.01,4.20
4.99,4.99,4.99,4.99,4.99,4.99,4.99,4.99,4.99,4.99,4.99,3.19,3.48,3.85,4.17,3.96,4.58,4.99,4.99,4.99,4.99,4.59,4.99,4.99,4.99,4.99,4.99,3.26,3.76,4.21,4.00,4.21
4.99,4.99,4.99,4.99,4.99,4.99,4.99,4.99,4.99,4.99,4.99,3.18,3.46,3.84,4.17,3.96,4.59,4.99,4.99,4.99,4.99,4.59,4.99,4.99,4.99,4.99,4.99,3.26,3.79,4.20,4.00,4.21
4.99,4.99,4.99,4.99,4.99,4.99,4.99,4.99,4.99,4.99,4.99,3.19,3.46,3.84,4.17,3.96,4.58,4.99,4.99,4.99,4.99,4.58,4.99,4.99,4.99,4.99,4.99,3.26,3.79,4.19,4.00,4.20
4.99,4.99,4.99,4.99,4.99,4.99,4.99,4.99,4.99,4.99,4.99,3.19,3.45,3.84,4.17,3.95,4.58,4.99,4.99,4.99,4.99,4.58,4.99,4.99,4.99,4.99,4.99,3.26,3.78,4.20,4.00,4.20
4.99,4.99,4.99,4.99,4.99,4.99,4.99,4.99,4.99,4.99,4.99,3.19,3.44,3.85,4.17,3.95,4.58,4.99,4.99,4.99,4.99,4.58,4.99,4.99,4.99,4.99,4.99,3.26,3.75,4.18,3.99,4.20
4.99,4.99,4.99,4.99,4.99,4.99,4.99,4.99,4.99,4.99,4.99,3.20,3.45,3.84,4.17,3.96,4.58,4.99,4.99,4.99,4.99,4.59,4.99,4.99,4.99,4.99,4.99,3.25,3.75,4.18,3.99,4.20
4.99,4.99,4.99,4.99,4.99,4.99,4.99,4.99,4.99,4.99,4.99,3.19,3.42,3.85,4.18,3.95,4.58,4.99,4.99,4.99,4.99,4.59,4.99,4.99,4.99,4.99,4.99,3.26,3.76,4.18,3.97,4.20
4.99,4.99,4.99,4.99,4.99,4.99,4.99,4.99,4.99,4.99,4.99,3.20,3.42,3.85,4.17,3.95,4.59,4.99,4.99,4.99,4.99,4.59,4.99,4.99,4.99,4.99,4.99,3.28,3.75,4.18,3.98,4.20
4.99,4.99,4.99,4.99,4.99,4.99,4.99,4.99,4.99,4.99,4.99,2.90,3.53,4.17,4.49,4.55,4.88,4.99,4.99,4.99,4.99,4.79,4.99,4.99,4.99,4.99,4.99,3.08,4.04,4.34,4.17,4.65,8,2019-12-14
4.99,4.99,4.99,4.99,4.99,4.99,4.99,4.99,4.99,4.99,4.99,2.90,3.51,4.17,4.50,4.54,4.88,4.99,4.99,4.99,4.99,4.79,4.99,4.99,4.99,4.99,4.99,3.06,4.04,4.35,4.17,4.64
4.99,4.99,4.99,4.99,4.99,4.99,4.99,4.99,4.99,4.99,4.99,2.87,3.52,4.16,4.49,4.55,4.87,4.99,4.99,4.99,4.99,4.78,4.99,4.99,4.99,4.99,4.99,3.05,4.02,4.33,4.17,4.64
4.99,4.99,4.99,4.99,4.99,4.99,4.99,4.99,4.99,4.99,4.99,2.87,3.50,4.16,4.48,4.55,4.87,4.99,4.99,4.99,4.99,4.78,4.99,4.99,4.99,4.99,4.99,3.03,4.04,4.34,4.16,4.64
4.99,4.99,4.99,4.99,4.99,4.99,4.99,4.99,4.99,4.99,4.99,2.86,3.51,4.15,4.48,4.53,4.87,4.99,4.99,4.99,4.99,4.78,4.99,4.99,4.99,4.99,4.99,3.03,4.00,4.33,4.15,4.64
4.99,4.99,4.99,4.99,4.99,4.99,4.99,4.99,4.99,4.99,4.99,2.86,3.51,4.16,4.48,4.53,4.87,4.99,4.99,4.99,4.99,4.77,4.99,4.99,4.99,4.99,4.99,3.03,4.00,4.32,4.15,4.63
4.99,4.99,4.99,4.99,4.99,4.99,4.99,4.99,4.99,4.99,4.99,2.86,3.51,4.17,4.47,4.53,4.87,4.99,4.99,4.99,4.99,4.77,4.99,4.99,4.99,4.99,4.99,3.02,4.00,4.32,4.15,4.64
4.99,4.99,4.99,4.99,4.99,4.99,4.99,4.99,4.99,4.99,4.99,2.85,3.54,4.17,4.46,4.53,4.87,4.99,4.99,4.99,4.99,4.76,4.99,4.99,4.99,4.99,4.99,3.02,4.00,4.32,4.15,4.63
4.99,4.99,4.99,4.99,4.99,4.99,4.99,4.99,4.99,4.99,4.99,2.84,3.54,4.17,4.45,4.53,4.87,4.99,4.99,4.99,4.99,4.75,4.99,4.99,4.99,4.99,4.99,3.02,4.00,4.33,4.14,4.63
4.99,4.99,4.99,4.99,4.99,4.99,4.99,4.99,4.99,4.99,4.99,2.84,3.53,4.16,4.45,4.53,4.87,4.99,4.99,4.99,4.99,4.75,4.99,4.99,4.99,4.99,4.99,3.01,4.02,4.33,4.16,4.63
4.99,4.99,4.99,4.99,4.99,4.99,4.99,4.99,4.99,4.99,4.99,2.86,3.51,4.17,4.45,4.53,4.86,4.99,4.99,4.99,4.99,4.74,4.99,4.99,4.99,4.99,4.99,3.00,4.02,4.32,4.15,4.63
4.99,4.99,4.99,4.99,4.99,4.99,4.99,4.99,4.99,4.99,4.99,2.86,3.52,4.16,4.45,4.53,4.86,4.99,4.99,4.99,4.99,4.75,4.99,4.99,4.99,4.99,4.99,2.99,4.00,4.33,4.14,4.63
4.99,4.99,4.99,4.99,4.99,4.99,4.99,4.99,4.99,4.99,4.99,2.87,3.50,4.16,4.45,4.53,4.86,4.99,4.99,4.99,4.99,4.75,4.99,4.99,4.99,4.99,4.99,3.00,4.03,4.32,4.14,4.63
4.99,4.99,4.99,4.99,4.99,4.99,4.99,4.99,4.99,4.99,4.99,2.86,3.53,4.16,4.45,4.52,4.86,4.99,4.99,4.99,4.99,4.75,4.99,4.99,4.99,4.99,4.99,3.00,3.99,4.32,4.13,4.63
4.99,4.99,4.99,4.99,4.99,4.99,4.99,4.99,4.99,4.99,4.99,2.84,3.55,4.16,4.44,4.52,4.86,4.99,4.99,4.99,4.99,4.74,4.99,4.99,4.99,4.99,4.99,3.00,3.97,4.32,4.14,4.62
4.99,4.99,4.99,4.99,4.99,4.99,4.99,4.99,4.99,4.99,4.99,2.84,3.53,4.16,4.44,4.53,4.86,4.99,4.99,4.99,4.99,4.74,4.99,4.99,4.99,4.99,4.99,3.00,3.98,4.31,4.14,4.63
4.99,4.99,4.99,4.99,4.99,4.99,4.99,4.99,4.99,4.99,4.99,2.84,3.54,4.16,4.44,4.52,4.86,4.99,4.99,4.99,4.99,4.74,4.99,4.99,4.99,4.99,4.99,2.99,3.99,4.30,4.14,4.63
4.99,4.99,4.99,4.99,4.99,4.99,4.99,4.99,4.99,4.99,4.99,2.82,3.53,4.16,4.45,4.52,4.87,4.99,4.99,4.99,4.99,4.75,4.99,4.99,4.99,4.99,4.99,2.99,3.98,4.31,4.13,4.63
4.99,4.99,4.99,4.99,4.99,4.99,4.99,4.99,4.99,4.99,4.99,2.84,3.55,4.16,4.44,4.52,4.86,4.99,4.99,4.99,4.99,4.76,4.99,4.99,4.99,4.99,4.99,2.98,3.96,4.31,4.14,4.62
4.99,4.99,4.99,4.99,4.99,4.99,4.99,4.99,4.99,4.99,4.99,2.83,3.55,4.15,4.43,4.51,4.86,4.99,4.99,4.99,4.99,4.75,4.99,4.99,4.99,4.99,4.99,2.98,4.00,4.30,4.14,4.62
4.99,4.99,4.99,4.99,4.99,4.99,4.99,4.99,4.99,4.99,4.99,2.82,3.53,4.15,4.46,4.51,4.86,4.99,4.99,4.99,4.99,4.76,4.99,4.99,4.99,4.99,4.99,2.98,3.97,4.30,4.14,4.62
4.99,4.99,4.99,4.99,4.99,4.99,4.99,4.99,4.99,4.99,4.99,2.81,3.52,4.15,4.45,4.53,4.85,4.99,4.99,4.99,4.99,4.75,4.99,4.99,4.99,4.99,4.99,2.98,3.96,4.30,4.15,4.62
4.99,4.99,4.99,4.99,4.99,4.99,4.99,4.99,4.99,4.99,4.99,2.81,3.52,4.15,4.46,4.54,4.86,4.99,4.99,4.99,4.99,4.75,4.99,4.99,4.99,4.99,4.99,2.98,3.96,4.30,4.15,4.62
4.99,4.99,4.99,4.99,4.99,4.99,4.99,4.99,4.99,4.99,4.99,2.82,3.54,4.16,4.43,4.52,4.85,4.99,4.99,4.99,4.99,4.76,4.99,4.99,4.99,4.99,4.99,2.98,3.97,4.30,4.14,4.62
4.99,4.99,4.99,4.99,4.99,4.99,4.99,4.99,4.99,4.99,4.99,2.81,3.54,4.14,4.43,4.52,4.86,4.99,4.99,4.99,4.99,4.74,4.99,4.99,4.99,4.99,4.99,2.97,3.97,4.30,4.14,4.61
4.99,4.99,4.99,4.99,4.99,4.99,4.99,4.99,4.99,4.99,4.99,2.81,3.52,4.14,4.43,4.52,4.86,4.99,4.99,4.99,4.99,4.75,4.99,4.99,4.99,4.99,4.99,2.98,3.95,4.29,4.13,4.61
4.99,4.99,4.99,4.99,4.99,4.99,4.99,4.99,4.99,4.99,4.99,2.81,3.52,4.14,4.43,4.52,4.85,4.99,4.99,4.99,4.99,4.75,4.99,4.99,4.99,4.99,4.99,2.97,3.95,4.29,4.13,4.61
4.99,4.99,4.99,4.99,4.99,4.99,4.99,4.99,4.99,4.99,4.99,2.81,3.54,4.13,4.43,4.52,4.86,4.99,4.99,4.99,4.99,4.74,4.99,4.99,4.99,4.99,4.99,2.97,3.93,4.29,4.14,4.60
4.99,4.99,4.99,4.99,4.99,4.99,4.99,4.99,4.99,4.99,4.99,2.80,3.54,4.13,4.43,4.53,4.86,4.99,4.99,4.99,4.99,4.74,4.99,4.99,4.99,4.99,4.99,2.96,3.95,4.28,4.15,4.61
4.99,4.99,4.99,4.99,4.99,4.99,4.99,4.99,4.99,4.99,4.99,2.81,3.54,4.13,4.43,4.54,4.85,4.99,4.99,4.99,4.99,4.74,4.99,4.99,4.99,4.99,4.99,2.96,3.94,4.28,4.14,4.61
4.99,4.99,4.99,4.99,4.99,4.99,4.99,4.99,4.99,4.99,4.99,2.81,3.55,4.13,4.43,4.53,4.86,4.99,4.99,4.99,4.99,4.74,4.99,4.99,4.99,4.99,4.99,2.95,3.95,4.28,4.13,4.61
4.99,4.99,4.99,4.99,4.99,4.99,4.99,4.99,4.99,4.99,4.99,2.81,3.53,4.13,4.43,4.52,4.85,4.99,4.99,4.99,4.99,4.73,4.99,4.99,4.99,4.99,4.99,2.95,3.96,4.28,4.14,4.61
4.99,4.99,4.99,4.99,4.99,4.99,4.99,4.99,4.99,4.99,4.99,2.81,3.53,4.12,4.42,4.52,4.85,4.99,4.99,4.99,4.99,4.74,4.99,4.99,4.99,4.99,4.99,2.95,3.96,4.27,4.14,4.60
4.99,4.99,4.99,4.99,4.99,4.99,4.99,4.99,4.99,4.99,4.99,2.83,3.52,4.13,4.42,4.52,4.86,4.99,4.99,4.99,4.99,4.73,4.99,4.99,4.99,4.99,4.99,2.95,3.96,4.28,4.14,4.60
4.99,4.99,4.99,4.99,4.99,4.99,4.99,4.99,4.99,4.99,4.99,2.82,3.52,4.13,4.42,4.53,4.86,4.99,4.99,4.99,4.99,4.73,4.99,4.99,4.99,4.99,4.99,2.96,3.95,4.28,4.13,4.60
4.99,4.99,4.99,4.99,4.99,4.99,4.99,4.99,4.99,4.99,4.99,2.81,3.52,4.12,4.42,4.53,4.86,4.99,4.99,4.99,4.99,4.73,4.99,4.99,4.99,4.99,4.99,2.97,3.96,4.27,4.14,4.61
4.99,4.99,4.99,4.99,4.99,4.99,4.99,4.99,4.99,4.99,4.99,2.81,3.53,4.12,4.42,4.52,4.86,4.99,4.99,4.99,4.99,4.73,4.99,4.99,4.99,4.99,4.99,2.96,3.94,4.25,4.14,4.60
4.99,4.99,4.99,4.99,4.99,4.99,4.99,4.99,4.99,4.99,4.99,2.81,3.51,4.12,4.42,4.54,4.86,4.99,4.99,4.99,4.99,4.73,4.99,4.99,4.99,4.99,4.99,2.95,3.95,4.27,4.14,4.61
4.99,4.99,4.99,4.99,4.99,4.99,4.99,4.99,4.99,4.99,4.99,2.82,3.54,4.12,4.41,4.53,4.86,4.99,4.99,4.99,4.99,4.74,4.99,4.99,4.99,4.99,4.99,2.95,3.96,4.25,4.13,4.60
4.99,4.99,4.99,4.99,4.99,4.99,4.99,4.99,4.99,4.99,4.99,2.80,3.52,4.12,4.42,4.52,4.86,4.99,4.99,4.99,4.99,4.73,4.99,4.99,4.99,4.99,4.99,2.95,3.95,4.23,4.14,4.61
4.99,4.99,4.99,4.99,4.99,4.99,4.99,4.99,4.99,4.99,4.99,2.79,3.51,4.12,4.41,4.52,4.86,4.99,4.99,4.99,4.99,4.73,4.99,4.99,4.99,4.99,4.99,2.94,3.94,4.26,4.14,4.61
4.99,4.99,4.99,4.99,4.99,4.99,4.99,4.99,4.99,4.99,4.99,2.80,3.50,4.12,4.41,4.52,4.85,4.99,4.99,4.99,4.99,4.74,4.99,4.99,4.99,4.99,4.99,2.94,3.94,4.23,4.14,4.60
4.99,4.99,4.99,4.99,4.99,4.99,4.99,4.99,4.99,4.99,4.99,2.80,3.50,4.12,4.40,4.52,4.86,4.99,4.99,4.99,4.99,4.74,4.99,4.99,4.99,4.99,4.99,2.94,3.93,4.24,4.14,4.60
4.99,4.99,4.99,4.99,4.99,4.99,4.99,4.99,4.99,4.99,4.99,2.81,3.52,4.11,4.40,4.51,4.86,4.99,4.99,4.99,4.99,4.73,4.99,4.99,4.99,4.99,4.99,2.94,3.93,4.26,4.14,4.60
4.99,4.99,4.99,4.99,4.99,4.99,4.99,4.99,4.99,4.99,4.99,2.80,3.52,4.11,4.40,4.51,4.86,4.99,4.99,4.99,4.99,4.73,4.99,4.99,4.99,4.99,4.99,2.94,3.95,4.25,4.13,4.60
4.99,4.99,4.99,4.99,4.99,4.99,4.99,4.99,4.99,4.99,4.99,2.80,3.52,4.11,4.40,4.52,4.86,4.99,4.99,4.99,4.99,4.73,4.99,4.99,4.99,4.99,4.99,2.93,3.92,4.26,4.13,4.61
4.99,4.99,4.99,4.99,4.99,4.99,4.99,4.99,4.99,4.99,4.99,2.81,3.52,4.11,4.41,4.52,4.85,4.99,4.99,4.99,4.99,4.73,4.99,4.99,4.99,4.99,4.99,2.93,3.92,4.26,4.14,4.61
4.99,4.99,4.99,4.99,4.99,4.99,4.99,4.99,4.99,4.99,4.99,2.80,3.50,4.11,4.39,4.52,4.85,4.99,4.99,4.99,4.99,4.73,4.99,4.99,4.99,4.99,4.99,2.93,3.93,4.25,4.13,4.60
4.99,4.99,4.99,4.99,4.99,4.99,4.99,4.99,4.99,4.99,4.99,2.81,3.49,4.11,4.39,4.52,4.86,4.99,4.99,4.99,4.99,4.73,4.99,4.99,4.99,4.99,4.99,2.93,3.93,4.23,4.12,4.61
4.99,4.99,4.99,4.99,4.99,4.99,4.99,4.99,4.99,4.99,4.99,2.81,3.49,4.10,4.39,4.51,4.85,4.99,4.99,4.99,4.99,4.73,4.99,4.99,4.99,4.99,4.99,2.93,3.93,4.24,4.10,4.60
4.99,4.99,4.99,4.99,4.99,4.99,4.99,4.99,4.99,4.99,4.99,2.78,3.48,4.12,4.39,4.52,4.85,4.99,4.99,4.99,4.99,4.73,4.99,4.99,4.99,4.99,4.99,2.96,3.97,4.22,4.10,4.60
4.99,4.99,4.99,4.99,4.99,4.99,4.99,4.99,4.99,4.99,4.99,2.80,3.49,4.11,4.39,4.52,4.85,4.99,4.99,4.99,4.99,4.73,4.99,4.99,4.99,4.99,4.99,2.95,3.93,4.23,4.11,4.60
4.99,4.99,4.99,4.99,4.99,4.99,4.99,4.99,4.99,4.99,4.99,2.79,3.50,4.11,4.40,4.52,4.85,4.99,4.99,4.99,4.99,4.74,4.99,4.99,4.99,4.99,4.99,2.93,3.94,4.26,4.12,4.61
4.99,4.99,4.99,4.99,4.99,4.99,4.99,4.99,4.99,4.99,4.99,2.81,3.51,4.10,4.40,4.52,4.85,4.99,4.99,4.99,4.99,4.75,4.99,4.99,4.99,4.99,4.99,2.93,3.95,4.28,4.11,4.61
4.99,4.99,4.99,4.99,4.99,4.99,4.99,4.99,4.99,4.99,4.99,2.83,3.51,4.10,4.40,4.51,4.85,4.99,4.99,4.99,4.99,4.76,4.99,4.99,4.99,4.99,4.99,2.93,3.93,4.28,4.11,4.61
4.99,4.99,4.99,4.99,4.99,4.99,4.99,4.99,4.99,4.99,4.99,2.82,3.53,4.09,4.38,4.52,4.84,4.99,4.99,4.99,4.99,4.77,4.99,4.99,4.99,4.99,4.99,2.93,3.91,4.28,4.11,4.61
4.99,4.99,4.99,4.99,4.99,4.99,4.99,4.99,4.99,4.99,4.99,3.14,3.61,4.04,4.23,4.20,4.80,4.99,4.99,4.99,4.99,4.99,4.99,4.99,4.99,4.99,4.99,3.31,3.71,4.39,4.21,4.89,9,2019-12-14
4.99,4.99,4.99,4.99,4.99,4.99,4.99,4.99,4.99,4.99,4.99,3.16,3.59,4.05,4.22,4.19,4.79,4.99,4.99,4.99,4.99,4.99,4.99,4.99,4.99,4.99,4.99,3.31,3.76,4.39,4.18,4.84
4.99,4.99,4.99,4.99,4.99,4.99,4.99,4.99,4.99,4.99,4.99,3.16,3.57,4.02,4.21,4.18,4.79,4.99,4.99,4.99,4.99,4.99,4.99,4.99,4.99,4.99,4.99,3.27,3.79,4.36,4.17,4.84
4.99,4.99,4.99,4.99,4.99,4.99,4.99,4.99,4.99,4.99,4.99,3.17,3.58,4.01,4.20,4.17,4.79,4.99,4.99,4.99,4.99,4.99,4.99,4.99,4.99,4.99,4.99,3.27,3.79,4.37,4.18,4.86
4.99,4.99,4.99,4.99,4.99,4.99,4.99,4.99,4.99,4.99,4.99,3.17,3.64,4.01,4.20,4.17,4.79,4.99,4.99,4.99,4.99,4.99,4.99,4.99,4.99,4.99,4.99,3.25,3.75,4.37,4.18,4.83
4.99,4.99,4.99,4.99,4.99,4.99,4.99,4.99,4.99,4.99,4.99,3.21,3.64,4.01,4.21,4.17,4.78,4.99,4.99,4.99,4.99,4.99,4.99,4.99,4.99,4.99,4.99,3.24,3.73,4.37,4.18,4.87
4.99,4.99,4.99,4.99,4.99,4.99,4.99,4.99,4.99,4.99,4.99,3.23,3.63,4.00,4.21,4.17,4.79,4.99,4.99,4.99,4.99,4.99,4.99,4.99,4.99,4.99,4.99,3.22,3.72,4.36,4.18,4.88
4.99,4.99,4.99,4.99,4.99,4.99,4.99,4.99,4.99,4.99,4.99,3.21,3.61,3.98,4.21,4.17,4.78,4.99,4.99,4.99,4.99,4.99,4.99,4.99,4.99,4.99,4.99,3.22,3.75,4.36,4.18,4.99
4.99,4.99,4.99,4.99,4.99,4.99,4.99,4.99,4.99,4.99,4.99,3.19,3.61,3.98,4.21,4.16,4.78,4.99,4.99,4.99,4.99,4.99,4.99,4.99,4.99,4.99,4.99,3.22,3.79,4.37,4.17,4.99
4.99,4.99,4.99,4.99,4.99,4.99,4.99,4.99,4.99,4.99,4.99,3.22,3.59,3.98,4.20,4.16,4.78,4.99,4.99,4.99,4.99,4.99,4.99,4.99,4.99,4.99,4.99,3.25,3.83,4.36,4.17,4.87
4.99,4.99,4.99,4.99,4.99,4.99,4.99,4.99,4.99,4.99,4.99,3.19,3.52,3.98,4.20,4.15,4.78,4.99,4.99,4.99,4.99,4.99,4.99,4.99,4.99,4.99,4.99,3.24,3.82,4.35,4.17,4.83
4.99,4.99,4.99,4.99,4.99,4.99,4.99,4.99,4.99,4.99,4.99,3.18,3.48,3.97,4.19,4.15,4.78,4.99,4.99,4.99,4.99,4.99,4.99,4.99,4.99,4.99,4.99,3.26,3.77,4.35,4.15,4.83
4.99,4.99,4.99,4.99,4.99,4.99,4.99,4.99,4.99,4.99,4.99,3.13,3.42,3.96,4.18,4.14,4.78,4.99,4.99,4.99,4.99,4.99,4.99,4.99,4.99,4.99,4.99,3.25,3.74,4.35,4.16,4.83
4.99,4.99,4.99,4.99,4.99,4.99,4.99,4.99,4.99,4.99,4.99,3.13,3.42,3.96,4.18,4.13,4.78,4.99,4.99,4.99,4.99,4.99,4.99,4.99,4.99,4.99,4.99,3.24,3.71,4.35,4.15,4.83
4.99,4.99,4.99,4.99,4.99,4.99,4.99,4.99,4.99,4.99,4.99,3.11,3.43,3.97,4.19,4.13,4.78,4.99,4.99,4.99,4.99,4.99,4.99,4.99,4.99,4.99,4.99,3.23,3.69,4.35,4.14,4.83
4.99,4.99,4.99,4.99,4.99,4.99,4.99,4.99,4.99,4.99,4.99,3.10,3.41,3.95,4.18,4.14,4.78,4.99,4.99,4.99,4.99,4.99,4.99,4.99,4.99,4.99,4.99,3.21,3.68,4.35,4.14,4.83
4.99,4.99,4.99,4.99,4.99,4.99,4.99,4.99,4.99,4.99,4.99,3.11,3.39,3.96,4.18,4.13,4.78,4.99,4.99,4.99,4.99,4.99,4.99,4.99,4.99,4.99,4.99,3.20,3.68,4.35,4.15,4.83
4.99,4.99,4.99,4.99,4.99,4.99,4.99,4.99,4.99,4.99,4.99,3.08,3.37,3.97,4.18,4.14,4.77,4.99,4.99,4.99,4.99,4.99,4.99,4.99,4.99,4.99,4.99,3.22,3.71,4.35,4.14,4.83
4.99,4.99,4.99,4.99,4.99,4.99,4.99,4.99,4.99,4.99,4.99,3.09,3.36,3.96,4.18,4.12,4.77,4.99,4.99,4.99,4.99,4.99,4.99,4.99,4.99,4.99,4.99,3.25,3.75,4.34,4.15,4.82
4.99,4.99,4.99,4.99,4.99,4.99,4.99,4.99,4.99,4.99,4.99,3.07,3.40,3.95,4.17,4.12,4.77,4.99,4.99,4.99,4.99,4.99,4.99,4.99,4.99,4.99,4.99,3.24,3.72,4.34,4.15,4.83
4.99,4.99,4.99,4.99,4.99,4.99,4.99,4.99,4.99,4.99,4.99,3.07,3.50,3.95,4.17,4.13,4.77,4.99,4.99,4.99,4.99,4.99,4.99,4.99,4.99,4.99,4.99,3.23,3.71,4.35,4.16,4.85
4.99,4.99,4.99,4.99,4.99,4.99,4.99,4.99,4.99,4.99,4.99,3.07,3.55,3.94,4.17,4.13,4.77,4.99,4.99,4.99,4.99,4.99,4.99,4.99,4.99,4.99,4.99,3.21,3.69,4.34,4.16,4.84
4.99,4.99,4.99,4.99,4.99,4.99,4.99,4.99,4.99,4.99,4.99,3.06,3.54,3.94,4.16,4.12,4.77,4.99,4.99,4.99,4.99,4.99,4.99,4.99,4.99,4.99,4.99,3.21,3.69,4.34,4.16,4.84
4.99,4.99,4.99,4.99,4.99,4.99,4.99,4.99,4.99,4.99,4.99,3.08,3.57,3.94,4.17,4.11,4.77,4.99,4.99,4.99,4.99,4.99,4.99,4.99,4.99,4.99,4.99,3.19,3.68,4.34,4.16,4.84
4.99,4.99,4.99,4.99,4.99,4.99,4.99,4.99,4.99,4.99,4.99,3.08,3.63,3.94,4.16,4.12,4.77,4.99,4.99,4.99,4.99,4.99,4.99,4.99,4.99,4.99,4.99,3.20,3.68,4.34,4.16,4.82
4.99,4.99,4.99,4.99,4.99,4.99,4.99,4.99,4.99,4.99,4.99,3.07,3.63,3.94,4.16,4.12,4.77,4.99,4.99,4.99,4.99,4.99,4.99,4.99,4.99,4.99,4.99,3.23,3.70,4.35,4.15,4.82
4.99,4.99,4.99,4.99,4.99,4.99,4.99,4.99,4.99,4.99,4.99,3.08,3.60,3.94,4.16,4.12,4.77,4.99,4.99,4.99,4.99,4.99,4.99,4.99,4.99,4.99,4.99,3.23,3.75,4.34,4.15,4.85
4.99,4.99,4.99,4.99,4.99,4.99,4.99,4.99,4.99,4.99,4.99,3.10,3.59,3.94,4.16,4.11,4.76,4.99,4.99,4.99,4.99,4.99,4.99,4.99,4.99,4.99,4.99,3.20,3.75,4.34,4.15,4.83
4.99,4.99,4.99,4.99,4.99,4.99,4.99,4.99,4.99,4.99,4.99,3.10,3.59,3.94,4.16,4.11,4.75,4.99,4.99,4.99,4.99,4.99,4.99,4.99,4.99,4.99,4.99,3.21,3.75,4.34,4.13,4.82
4.99,4.99,4.99,4.99,4.99,4.99,4.99,4.99,4.99,4.99,4.99,3.09,3.56,3.93,4.16,4.11,4.75,4.99,4.99,4.99,4.99,4.99,4.99,4.99,4.99,4.99,4.99,3.18,3.76,4.34,4.14,4.81
4.99,4.99,4.99,4.99,4.99,4.99,4.99,4.99,4.99,4.99,4.99,3.08,3.57,3.93,4.16,4.11,4.76,4.99,4.99,4.99,4.99,4.99,4.99,4.99,4.99,4.99,4.99,3.16,3.74,4.33,4.14,4.81
4.99,4.99,4.99,4.99,4.99,4.99,4.99,4.99,4.99,4.99,4.99,3.09,3.55,3.93,4.17,4.12,4.75,4.99,4.99,4.99,4.99,4.99,4.99,4.99,4.99,4.99,4.99,3.16,3.75,4.34,4.15,4.82
4.99,4.99,4.99,4.99,4.99,4.99,4.99,4.99,4.99,4.99,4.99,3.07,3.55,3.93,4.16,4.12,4.74,4.99,4.99,4.99,4.99,4.99,4.99,4.99,4.99,4.99,4.99,3.16,3.75,4.34,4.15,4.81
4.99,4.99,4.99,4.99,4.99,4.99,4.99,4.99,4.99,4.99,4.99,3.07,3.59,3.93,4.16,4.11,4.75,4.99,4.99,4.99,4.99,4.99,4.99,4.99,4.99,4.99,4.99,3.16,3.75,4.34,4.14,4.81
4.99,4.99,4.99,4.99,4.99,4.99,4.99,4.99,4.99,4.99,4.99,3.07,3.62,3.92,4.16,4.12,4.75,4.99,4.99,4.99,4.99,4.99,4.99,4.99,4.99,4.99,4.99,3.16,3.72,4.33,4.15,4.81
4.99,4.99,4.99,4.99,4.99,4.99,4.99,4.99,4.99,4.99,4.99,3.09,3.60,3.92,4.16,4.11,4.74,4.99,4.99,4.99,4.99,4.99,4.99,4.99,4.99,4.99,4.99,3.16,3.71,4.33,4.15,4.80
4.99,4.99,4.99,4.99,4.99,4.99,4.99,4.99,4.99,4.99,4.99,3.10,3.59,3.92,4.16,4.10,4.75,4.99,4.99,4.99,4.99,4.99,4.99,4.99,4.99,4.99,4.99,3.15,3.71,4.33,4.14,4.82
4.99,4.99,4.99,4.99,4.99,4.99,4.99,4.99,4.99,4.99,4.99,3.09,3.58,3.93,4.16,4.11,4.74,4.99,4.99,4.99,4.99,4.99,4.99,4.99,4.99,4.99,4.99,3.16,3.72,4.34,4.14,4.81
4.99,4.99,4.99,4.99,4.99,4.99,4.99,4.99,4.99,4.99,4.99,3.09,3.60,3.93,4.16,4.11,4.74,4.99,4.99,4.99,4.99,4.99,4.99,4.99,4.99,4.99,4.99,3.22,3.73,4.33,4.14,4.81
4.99,4.99,4.99,4.99,4.99,4.99,4.99,4.99,4.99,4.99,4.99,3.06,3.57,3.92,4.16,4.11,4.74,4.99,4.99,4.99,4.99,4.99,4.99,4.99,4.99,4.99,4.99,3.25,3.71,4.33,4.13,4.81
4.99,4.99,4.99,4.99,4.99,4.99,4.99,4.99,4.99,4.99,4.99,3.03,3.60,3.93,4.16,4.12,4.74,4.99,4.99,4.99,4.99,4.99,4.99,4.99,4.99,4.99,4.99,3.28,3.65,4.33,4.13,4.81
4.99,4.99,4.99,4.99,4.99,4.99,4.99,4.99,4.99,4.99,4.99,3.03,3.59,3.92,4.16,4.11,4.74,4.99,4.99,4.99,4.99,4.99,4.99,4.99,4.99,4.99,4.99,3.28,3.58,4.33,4.13,4.81
4.99,4.99,4.99,4.99,4.99,4.99,4.99,4.99,4.99,4.99,4.99,3.02,3.63,3.91,4.16,4.10,4.75,4.99,4.99,4.99,4.99,4.99,4.99,4.99,4.99,4.99,4.99,3.31,3.57,4.33,4.13,4.81
4.99,4.99,4.99,4.99,4.99,4.99,4.99,4.99,4.99,4.99,4.99,3.01,3.61,3.91,4.16,4.09,4.75,4.99,4.99,4.99,4.99,4.99,4.99,4.99,4.99,4.99,4.99,3.31,3.56,4.33,4.14,4.83
4.99,4.99,4.99,4.99,4.99,4.99,4.99,4.99,4.99,4.99,4.99,3.01,3.65,3.92,4.16,4.10,4.75,4.99,4.99,4.99,4.99,4.99,4.99,4.99,4.99,4.99,4.99,3.27,3.57,4.33,4.13,4.81
4.99,4.99,4.99,4.99,4.99,4.99,4.99,4.99,4.99,4.99,4.99,3.01,3.57,3.92,4.16,4.10,4.75,4.99,4.99,4.99,4.99,4.99,4.99,4.99,4.99,4.99,4.99,3.26,3.59,4.33,4.14,4.84
4.99,4.99,4.99,4.99,4.99,4.99,4.99,4.99,4.99,4.99,4.99,3.02,3.58,3.92,4.15,4.10,4.75,4.99,4.99,4.99,4.99,4.99,4.99,4.99,4.99,4.99,4.99,3.25,3.60,4.33,4.14,4.84
4.99,4.99,4.99,4.99,4.99,4.99,4.99,4.99,4.99,4.99,4.99,3.03,3.56,3.91,4.16,4.10,4.75,4.99,4.99,4.99,4.99,4.99,4.99,4.99,4.99,4.99,4.99,3.25,3.62,4.33,4.15,4.83
4.99,4.99,4.99,4.99,4.99,4.99,4.99,4.99,4.99,4.99,4.99,3.03,3.54,3.91,4.16,4.09,4.75,4.99,4.99,4.99,4.99,4.99,4.99,4.99,4.99,4.99,4.99,3.24,3.63,4.33,4.15,4.82
4.99,4.99,4.99,4.99,4.99,4.99,4.99,4.99,4.99,4.99,4.99,3.02,3.58,3.91,4.15,4.09,4.73,4.99,4.99,4.99,4.99,4.99,4.99,4.99,4.99,4.99,4.99,3.23,3.62,4.33,4.15,4.82
4.99,4.99,4.99,4.99,4.99,4.99,4.99,4.99,4.99,4.99,4.99,3.02,3.60,3.90,4.15,4.09,4.73,4.99,4.99,4.99,4.99,4.99,4.99,4.99,4.99,4.99,4.99,3.24,3.61,4.33,4.16,4.79
4.99,4.99,4.99,4.99,4.99,4.99,4.99,4.99,4.99,4.99,4.99,3.02,3.65,3.91,4.15,4.08,4.74,4.99,4.99,4.99,4.99,4.99,4.99,4.99,4.99,4.99,4.99,3.25,3.60,4.33,4.16,4.79
4.99,4.99,4.99,4.99,4.99,4.99,4.99,4.99,4.99,4.99,4.99,3.01,3.69,3.90,4.15,4.08,4.73,4.99,4.99,4.99,4.99,4.99,4.99,4.99,4.99,4.99,4.99,3.26,3.57,4.33,4.16,4.79
4.99,4.99,4.99,4.99,4.99,4.99,4.99,4.99,4.99,4.99,4.99,3.02,3.64,3.89,4.15,4.09,4.74,4.99,4.99,4.99,4.99,4.99,4.99,4.99,4.99,4.99,4.99,3.26,3.54,4.33,4.15,4.80
4.99,4.99,4.99,4.99,4.99,4.99,4.99,4.99,4.99,4.99,4.99,3.02,3.60,3.89,4.15,4.08,4.73,4.99,4.99,4.99,4.99,4.99,4.99,4.99,4.99,4.99,4.99,3.25,3.52,4.32,4.15,4.79
4.99,4.99,4.99,4.99,4.99,4.99,4.99,4.99,4.99,4.99,4.99,2.76,3.51,4.05,4.35,4.59,4.99,4.99,4.99,4.99,4.99,4.99,4.99,4.99,4.99,4.99,4.99,3.46,3.79,4.09,3.99,4.60,10,2019-12-14
4.99,4.99,4.99,4.99,4.99,4.99,4.99,4.99,4.99,4.99,4.99,2.77,3.51,4.05,4.36,4.58,4.99,4.99,4.99,4.99,4.99,4.99,4.99,4.99,4.99,4.99,4.99,3.44,3.78,4.10,3.99,4.60
4.99,4.99,4.99,4.99,4.99,4.99,4.99,4.99,4.99,4.99,4.99,2.78,3.53,4.05,4.36,4.58,4.99,4.99,4.99,4.99,4.99,4.99,4.99,4.99,4.99,4.99,4.99,3.43,3.79,4.10,3.98,4.60
4.99,4.99,4.99,4.99,4.99,4.99,4.99,4.99,4.99,4.99,4.99,2.79,3.54,4.05,4.36,4.58,4.99,4.99,4.99,4.99,4.99,4.99,4.99,4.99,4.99,4.99,4.99,3.41,3.83,4.11,3.98,4.60
4.99,4.99,4.99,4.99,4.99,4.99,4.99,4.99,4.99,4.99,4.99,2.79,3.57,4.04,4.36,4.58,4.99,4.99,4.99,4.99,4.99,4.99,4.99,4.99,4.99,4.99,4.99,3.40,3.92,4.12,3.98,4.60
4.99,4.99,4.99,4.99,4.99,4.99,4.99,4.99,4.99,4.99,4.99,2.82,3.63,4.04,4.36,4.58,4.99,4.99,4.99,4.99,4.99,4.99,4.99,4.99,4.99,4.99,4.99,3.39,3.96,4.12,3.96,4.60
4.99,4.99,4.99,4.99,4.99,4.99,4.99,4.99,4.99,4.99,4.99,2.80,3.59,4.04,4.35,4.58,4.99,4.99,4.99,4.99,4.99,4.99,4.99,4.99,4.99,4.99,4.99,3.39,3.95,4.11,3.96,4.60
4.99,4.99,4.99,4.99,4.99,4.99,4.99,4.99,4.99,4.99,4.99,2.77,3.59,4.03,4.32,4.58,4.99,4.99,4.99,4.99,4.99,4.99,4.99,4.99,4.99,4.99,4.99,3.39,3.94,4.10,3.95,4.60
4.99,4.99,4.99,4.99,4.99,4.99,4.99,4.99,4.99,4.99,4.99,2.77,3.60,4.04,4.32,4.57,4.99,4.99,4.99,4.99,4.99,4.99,4.99,4.99,4.99,4.99,4.99,3.40,3.92,4.10,3.95,4.59
4.99,4.99,4.99,4.99,4.99,4.99,4.99,4.99,4.99,4.99,4.99,2.76,3.59,4.04,4.32,4.58,4.99,4.99,4.99,4.99,4.99,4.99,4.99,4.99,4.99,4.99,4.99,3.39,3.94,4.08,3.95,4.59
4.99,4.99,4.99,4.99,4.99,4.99,4.99,4.99,4.99,4.99,4.99,2.74,3.58,4.04,4.31,4.57,4.99,4.99,4.99,4.99,4.99,4.99,4.99,4.99,4.99,4.99,4.99,3.38,3.96,4.08,3.95,4.60
4.99,4.99,4.99,4.99,4.99,4.99,4.99,4.99,4.99,4.99,4.99,2.77,3.61,4.04,4.31,4.58,4.99,4.99,4.99,4.99,4.99,4.99,4.99,4.99,4.99,4.99,4.99,3.39,3.96,4.07,3.95,4.59
4.99,4.99,4.99,4.99,4.99,4.99,4.99,4.99,4.99,4.99,4.99,2.80,3.61,4.04,4.31,4.58,4.99,4.99,4.99,4.99,4.99,4.99,4.99,4.99,4.99,4.99,4.99,3.38,3.96,4.08,3.94,4.59
4.99,4.99,4.99,4.99,4.99,4.99,4.99,4.99,4.99,4.99,4.99,2.78,3.61,4.04,4.30,4.58,4.99,4.99,4.99,4.99,4.99,4.99,4.99,4.99,4.99,4.99,4.99,3.38,3.93,4.08,3.94,4.59
4.99,4.99,4.99,4.99,4.99,4.99,4.99,4.99,4.99,4.99,4.99,2.75,3.59,4.03,4.30,4.58,4.99,4.99,4.99,4.99,4.99,4.99,4.99,4.99,4.99,4.99,4.99,3.38,3.95,4.08,3.95,4.59
4.99,4.99,4.99,4.99,4.99,4.99,4.99,4.99,4.99,4.99,4.99,2.76,3.60,4.03,4.31,4.57,4.99,4.99,4.99,4.99,4.99,4.99,4.99,4.99,4.99,4.99,4.99,3.38,3.91,4.07,3.95,4.59
4.99,4.99,4.99,4.99,4.99,4.99,4.99,4.99,4.99,4.99,4.99,2.76,3.60,4.03,4.30,4.56,4.99,4.99,4.99,4.99,4.99,4.99,4.99,4.99,4.99,4.99,4.99,3.38,3.92,4.08,3.93,4.59
4.99,4.99,4.99,4.99,4.99,4.99,4.99,4.99,4.99,4.99,4.99,2.76,3.59,4.03,4.30,4.57,4.99,4.99,4.99,4.99,4.99,4.99,4.99,4.99,4.99,4.99,4.99,3.37,3.92,4.08,3.94,4.59
4.99,4.99,4.99,4.99,4.99,4.99,4.99,4.99,4.99,4.99,4.99,2.75,3.58,4.03,4.30,4.57,4.99,4.99,4.99,4.99,4.99,4.99,4.99,4.99,4.99,4.99,4.99,3.38,3.95,4.07,3.97,4.59
4.99,4.99,4.99,4.99,4.99,4.99,4.99,4.99,4.99,4.99,4.99,2.76,3.61,4.03,4.30,4.57,4.99,4.99,4.99,4.99,4.99,4.99,4.99,4.99,4.99,4.99,4.99,3.38,3.94,4.07,3.97,4.59
4.99,4.99,4.99,4.99,4.99,4.99,4.99,4.99,4.99,4.99,4.99,2.76,3.63,4.03,4.29,4.58,4.99,4.99,4.99,4.99,4.99,4.99,4.99,4.99,4.99,4.99,4.99,3.39,3.98,4.07,3.97,4.59
4.99,4.99,4.99,4.99,4.99,4.99,4.99,4.99,4.99,4.99,4.99,2.76,3.60,4.03,4.29,4.57,4.99,4.99,4.99,4.99,4.99,4.99,4.99,4.99,4.99,4.99,4.99,3.37,3.98,4.06,3.96,4.58
4.99,4.99,4.99,4.99,4.99,4.99,4.99,4.99,4.99,4.99,4.99,2.75,3.58,4.03,4.29,4.57,4.99,4.99,4.99,4.99,4.99,4.99,4.99,4.99,4.99,4.99,4.99,3.36,3.98,4.06,3.96,4.59
4.99,4.99,4.99,4.99,4.99,4.99,4.99,4.99,4.99,4.99,4.99,2.74,3.58,4.03,4.29,4.57,4.99,4.99,4.99,4.99,4.99,4.99,4.99,4.99,4.99,4.99,4.99,3.36,3.95,4.07,3.97,4.59
4.99,4.99,4.99,4.99,4.99,4.99,4.99,4.99,4.99,4.99,4.99,2.74,3.56,4.03,4.29,4.57,4.99,4.99,4.99,4.99,4.99,4.99,4.99,4.99,4.99,4.99,4.99,3.36,3.95,4.06,3.97,4.58
4.99,4.99,4.99,4.99,4.99,4.99,4.99,4.99,4.99,4.99,4.99,2.74,3.57,4.03,4.30,4.56,4.99,4.99,4.99,4.99,4.99,4.99,4.99,4.99,4.99,4.99,4.99,3.35,3.93,4.07,3.96,4.58
4.99,4.99,4.99,4.99,4.99,4.99,4.99,4.99,4.99,4.99,4.99,2.73,3.53,4.03,4.29,4.56,4.99,4.99,4.99,4.99,4.99,4.99,4.99,4.99,4.99,4.99,4.99,3.34,3.96,4.06,3.98,4.58
4.99,4.99,4.99,4.99,4.99,4.99,4.99,4.99,4.99,4.99,4.99,2.72,3.54,4.03,4.29,4.56,4.99,4.99,4.99,4.99,4.99,4.99,4.99,4.99,4.99,4.99,4.99,3.33,3.95,4.07,3.97,4.59
4.99,4.99,4.99,4.99,4.99,4.99,4.99,4.99,4.99,4.99,4.99,2.73,3.55,4.02,4.29,4.56,4.99,4.99,4.99,4.99,4.99,4.99,4.99,4.99,4.99,4.99,4.99,3.33,3.92,4.07,3.98,4.59
4.99,4.99,4.99,4.99,4.99,4.99,4.99,4.99,4.99,4.99,4.99,2.75,3.55,4.03,4.29,4.55,4.99,4.99,4.99,4.99,4.99,4.99,4.99,4.99,4.99,4.99,4.99,3.33,3.94,4.06,3.97,4.59
4.99,4.99,4.99,4.99,4.99,4.99,4.99,4.99,4.99,4.99,4.99,2.74,3.54,4.03,4.28,4.55,4.99,4.99,4.99,4.99,4.99,4.99,4.99,4.99,4.99,4.99,4.99,3.33,3.92,4.06,3.97,4.59
4.99,4.99,4.99,4.99,4.99,4.99,4.99,4.99,4.99,4.99,4.99,2.74,3.53,4.02,4.28,4.55,4.99,4.99,4.99,4.99,4.99,4.99,4.99,4.99,4.99,4.99,4.99,3.33,3.92,4.06,3.97,4.59
4.99,4.99,4.99,4.99,4.99,4.99,4.99,4.99,4.99,4.99,4.99,2.74,3.53,4.02,4.28,4.55,4.99,4.99,4.99,4.99,4.99,4.99,4.99,4.99,4.99,4.99,4.99,3.32,3.92,4.05,3.97,4.59
4.99,4.99,4.99,4.99,4.99,4.99,4.99,4.99,4.99,4.99,4.99,2.73,3.52,4.03,4.28,4.55,4.99,4.99,4.99,4.99,4.99,4.99,4.99,4.99,4.99,4.99,4.99,3.33,3.94,4.06,3.97,4.59
4.99,4.99,4.99,4.99,4.99,4.99,4.99,4.99,4.99,4.99,4.99,2.77,3.52,4.02,4.28,4.55,4.99,4.99,4.99,4.99,4.99,4.99,4.99,4.99,4.99,4.99,4.99,3.33,3.92,4.06,3.97,4.59
4.99,4.99,4.99,4.99,4.99,4.99,4.99,4.99,4.99,4.99,4.99,2.75,3.50,4.02,4.28,4.55,4.99,4.99,4.99,4.99,4.99,4.99,4.99,4.99,4.99,4.99,4.99,3.32,3.93,4.05,3.98,4.58
4.99,4.99,4.99,4.99,4.99,4.99,4.99,4.99,4.99,4.99,4.99,2.76,3.50,4.03,4.28,4.55,4.99,4.99,4.99,4.99,4.99,4.99,4.99,4.99,4.99,4.99,4.99,3.33,3.92,4.07,3.97,4.58
4.99,4.99,4.99,4.99,4.99,4.99,4.99,4.99,4.99,4.99,4.99,2.77,3.50,4.02,4.28,4.54,4.99,4.99,4.99,4.99,4.99,4.99,4.99,4.99,4.99,4.99,4.99,3.32,3.92,4.05,3.96,4.58
4.99,4.99,4.99,4.99,4.99,4.99,4.99,4.99,4.99,4.99,4.99,2.77,3.48,4.02,4.28,4.54,4.99,4.99,4.99,4.99,4.99,4.99,4.99,4.99,4.99,4.99,4.99,3.31,3.90,4.05,3.96,4.58
4.99,4.99,4.99,4.99,4.99,4.99,4.99,4.99,4.99,4.99,4.99,2.79,3.48,4.02,4.28,4.55,4.99,4.99,4.99,4.99,4.99,4.99,4.99,4.99,4.99,4.99,4.99,3.31,3.89,4.05,3.97,4.59
4.99,4.99,4.99,4.99,4.99,4.99,4.99,4.99,4.99,4.99,4.99,2.79,3.48,4.02,4.27,4.55,4.99,4.99,4.99,4.99,4.99,4.99,4.99,4.99,4.99,4.99,4.99,3.30,3.89,4.04,3.97,4.59
4.99,4.99,4.99,4.99,4.99,4.99,4.99,4.99,4.99,4.99,4.99,2.78,3.48,4.03,4.28,4.55,4.99,4.99,4.99,4.99,4.99,4.99,4.99,4.99,4.99,4.99,4.99,3.31,3.88,4.05,3.96,4.58
4.99,4.99,4.99,4.99,4.99,4.99,4.99,4.99,4.99,4.99,4.99,2.79,3.47,4.02,4.28,4.55,4.99,4.99,4.99,4.99,4.99,4.99,4.99,4.99,4.99,4.99,4.99,3.31,3.88,4.05,3.96,4.58
4.99,4.99,4.99,4.99,4.99,4.99,4.99,4.99,4.99,4.99,4.99,2.78,3.46,4.02,4.28,4.55,4.99,4.99,4.99,4.99,4.99,4.99,4.99,4.99,4.99,4.99,4.99,3.30,3.88,4.04,3.94,4.58
4.99,4.99,4.99,4.99,4.99,4.99,4.99,4.99,4.99,4.99,4.99,2.80,3.47,4.02,4.28,4.54,4.99,4.99,4.99,4.99,4.99,4.99,4.99,4.99,4.99,4.99,4.99,3.29,3.88,4.03,3.94,4.58
4.99,4.99,4.99,4.99,4.99,4.99,4.99,4.99,4.99,4.99,4.99,2.79,3.47,4.02,4.28,4.54,4.99,4.99,4.99,4.99,4.99,4.99,4.99,4.99,4.99,4.99,4.99,3.30,3.91,4.03,3.94,4.58
4.99,4.99,4.99,4.99,4.99,4.99,4.99,4.99,4.99,4.99,4.99,2.77,3.46,4.02,4.27,4.54,4.99,4.99,4.99,4.99,4.99,4.99,4.99,4.99,4.99,4.99,4.99,3.29,3.89,4.04,3.94,4.59
4.99,4.99,4.99,4.99,4.99,4.99,4.99,4.99,4.99,4.99,4.99,2.78,3.47,4.02,4.27,4.54,4.99,4.99,4.99,4.99,4.99,4.99,4.99,4.99,4.99,4.99,4.99,3.30,3.89,4.04,3.94,4.58
4.99,4.99,4.99,4.99,4.99,4.99,4.99,4.99,4.99,4.99,4.99,2.80,3.49,4.02,4.27,4.55,4.99,4.99,4.99,4.99,4.99,4.99,4.99,4.99,4.99,4.99,4.99,3.30,3.87,4.04,3.94,4.59
4.99,4.99,4.99,4.99,4.99,4.99,4.99,4.99,4.99,4.99,4.99,2.79,3.49,4.02,4.27,4.54,4.99,4.99,4.99,4.99,4.99,4.99,4.99,4.99,4.99,4.99,4.99,3.31,3.87,4.05,3.95,4.58
4.99,4.99,4.99,4.99,4.99,4.99,4.99,4.99,4.99,4.99,4.99,2.79,3.48,4.02,4.26,4.54,4.99,4.99,4.99,4.99,4.99,4.99,4.99,4.99,4.99,4.99,4.99,3.30,3.90,4.05,3.94,4.58
4.99,4.99,4.99,4.99,4.99,4.99,4.99,4.99,4.99,4.99,4.99,2.79,3.48,4.02,4.26,4.53,4.99,4.99,4.99,4.99,4.99,4.99,4.99,4.99,4.99,4.99,4.99,3.29,3.90,4.04,3.94,4.58
4.99,4.99,4.99,4.99,4.99,4.99,4.99,4.99,4.99,4.99,4.99,2.79,3.47,4.02,4.27,4.54,4.99,4.99,4.99,4.99,4.99,4.99,4.99,4.99,4.99,4.99,4.99,3.30,3.91,4.03,3.94,4.58
4.99,4.99,4.99,4.99,4.99,4.99,4.99,4.99,4.99,4.99,4.99,2.78,3.47,4.01,4.28,4.54,4.99,4.99,4.99,4.99,4.99,4.99,4.99,4.99,4.99,4.99,4.99,3.29,3.90,4.05,3.93,4.58
4.99,4.99,4.99,4.99,4.99,4.99,4.99,4.99,4.99,4.99,4.99,2.77,3.47,4.01,4.28,4.54,4.99,4.99,4.99,4.99,4.99,4.99,4.99,4.99,4.99,4.99,4.99,3.29,3.90,4.06,3.93,4.58
4.99,4.99,4.99,4.99,4.99,4.99,4.99,4.99,4.99,4.99,4.99,3.01,3.63,3.87,4.18,4.00,4.90,4.99,4.99,4.99,4.99,4.99,4.99,4.99,4.99,4.99,4.99,3.16,3.79,4.47,4.26,4.82,11,2019-12-14
4.99,4.99,4.99,4.99,4.99,4.99,4.99,4.99,4.99,4.99,4.99,3.05,3.64,3.87,4.16,3.99,4.87,4.99,4.99,4.99,4.99,4.99,4.99,4.99,4.99,4.99,4.99,3.14,3.78,4.47,4.25,4.81
4.99,4.99,4.99,4.99,4.99,4.99,4.99,4.99,4.99,4.99,4.99,3.08,3.65,3.86,4.15,3.99,4.85,4.99,4.99,4.99,4.99,4.99,4.99,4.99,4.99,4.99,4.99,3.12,3.77,4.46,4.26,4.81
4.99,4.99,4.99,4.99,4.99,4.99,4.99,4.99,4.99,4.99,4.99,3.09,3.66,3.87,4.16,3.99,4.88,4.99,4.99,4.99,4.99,4.99,4.99,4.99,4.99,4.99,4.99,3.11,3.73,4.47,4.26,4.81
4.99,4.99,4.99,4.99,4.99,4.99,4.99,4.99,4.99,4.99,4.99,3.07,3.69,3.86,4.15,3.99,4.88,4.99,4.99,4.99,4.99,4.99,4.99,4.99,4.99,4.99,4.99,3.14,3.74,4.47,4.25,4.81
4.99,4.99,4.99,4.99,4.99,4.99,4.99,4.99,4.99,4.99,4.99,3.08,3.63,3.85,4.15,3.99,4.86,4.99,4.99,4.99,4.99,4.99,4.99,4.99,4.99,4.99,4.99,3.17,3.79,4.46,4.24,4.81
4.99,4.99,4.99,4.99,4.99,4.99,4.99,4.99,4.99,4.99,4.99,3.08,3.62,3.85,4.15,3.98,4.84,4.99,4.99,4.99,4.99,4.99,4.99,4.99,4.99,4.99,4.99,3.20,3.80,4.47,4.26,4.81
4.99,4.99,4.99,4.99,4.99,4.99,4.99,4.99,4.99,4.99,4.99,3.13,3.60,3.86,4.15,3.99,4.86,4.99,4.99,4.99,4.99,4.99,4.99,4.99,4.99,4.99,4.99,3.22,3.77,4.47,4.25,4.81
4.99,4.99,4.99,4.99,4.99,4.99,4.99,4.99,4.99,4.99,4.99,3.09,3.61,3.85,4.15,3.99,4.84,4.99,4.99,4.99,4.99,4.99,4.99,4.99,4.99,4.99,4.99,3.17,3.76,4.47,4.25,4.80
4.99,4.99,4.99,4.99,4.99,4.99,4.99,4.99,4.99,4.99,4.99,3.11,3.60,3.84,4.16,3.98,4.83,4.99,4.99,4.99,4.99,4.99,4.99,4.99,4.99,4.99,4.99,3.15,3.75,4.47,4.25,4.80
4.99,4.99,4.99,4.99,4.99,4.99,4.99,4.99,4.99,4.99,4.99,3.13,3.62,3.84,4.16,3.98,4.82,4.99,4.99,4.99,4.99,4.99,4.99,4.99,4.99,4.99,4.99,3.17,3.73,4.47,4.24,4.80
4.99,4.99,4.99,4.99,4.99,4.99,4.99,4.99,4.99,4.99,4.99,3.12,3.62,3.84,4.16,3.98,4.83,4.99,4.99,4.99,4.99,4.99,4.99,4.99,4.99,4.99,4.99,3.13,3.72,4.47,4.24,4.80
4.99,4.99,4.99,4.99,4.99,4.99,4.99,4.99,4.99,4.99,4.99,3.13,3.62,3.85,4.15,3.98,4.83,4.99,4.99,4.99,4.99,4.99,4.99,4.99,4.99,4.99,4.99,3.13,3.73,4.47,4.24,4.80
4.99,4.99,4.99,4.99,4.99,4.99,4.99,4.99,4.99,4.99,4.99,3.13,3.61,3.84,4.15,3.98,4.83,4.99,4.99,4.99,4.99,4.99,4.99,4.99,4.99,4.99,4.99,3.17,3.78,4.47,4.24,4.80
4.99,4.99,4.99,4.99,4.99,4.99,4.99,4.99,4.99,4.99,4.99,3.10,3.59,3.83,4.15,3.98,4.83,4.99,4.99,4.99,4.99,4.99,4.99,4.99,4.99,4.99,4.99,3.20,3.75,4.46,4.24,4.79
4.99,4.99,4.99,4.99,4.99,4.99,4.99,4.99,4.99,4.99,4.99,3.10,3.58,3.84,4.15,3.98,4.82,4.99,4.99,4.99,4.99,4.99,4.99,4.99,4.99,4.99,4.99,3.17,3.72,4.46,4.25,4.80
4.99,4.99,4.99,4.99,4.99,4.99,4.99,4.99,4.99,4.99,4.99,3.07,3.56,3.84,4.14,3.98,4.83,4.99,4.99,4.99,4.99,4.99,4.99,4.99,4.99,4.99,4.99,3.19,3.75,4.46,4.24,4.79
4.99,4.99,4.99,4.99,4.99,4.99,4.99,4.99,4.99,4.99,4.99,3.12,3.57,3.85,4.14,3.98,4.81,4.99,4.99,4.99,4.99,4.99,4.99,4.99,4.99,4.99,4.99,3.17,3.73,4.46,4.23,4.79
4.99,4.99,4.99,4.99,4.99,4.99,4.99,4.99,4.99,4.99,4.99,3.09,3.59,3.85,4.13,3.98,4.80,4.99,4.99,4.99,4.99,4.99,4.99,4.99,4.99,4.99,4.99,3.17,3.73,4.46,4.22,4.79
4.99,4.99,4.99,4.99,4.99,4.99,4.99,4.99,4.99,4.99,4.99,3.12,3.57,3.85,4.14,3.98,4.79,4.99,4.99,4.99,4.99,4.99,4.99,4.99,4.99,4.99,4.99,3.17,3.74,4.45,4.23,4.79
4.99,4.99,4.99,4.99,4.99,4.99,4.99,4.99,4.99,4.99,4.99,3.06,3.58,3.84,4.14,4.00,4.79,4.99,4.99,4.99,4.99,4.99,4.99,4.99,4.99,4.99,4.99,3.17,3.74,4.46,4.24,4.80
4.99,4.99,4.99,4.99,4.99,4.99,4.99,4.99,4.99,4.99,4.99,3.08,3.58,3.84,4.13,4.00,4.79,4.99,4.99,4.99,4.99,4.99,4.99,4.99,4.99,4.99,4.99,3.18,3.74,4.47,4.23,4.79
4.99,4.99,4.99,4.99,4.99,4.99,4.99,4.99,4.99,4.99,4.99,3.10,3.58,3.84,4.13,3.98,4.78,4.99,4.99,4.99,4.99,4.99,4.99,4.99,4.99,4.99,4.99,3.20,3.72,4.46,4.22,4.79
4.99,4.99,4.99,4.99,4.99,4.99,4.99,4.99,4.99,4.99,4.99,3.04,3.58,3.83,4.12,3.98,4.79,4.99,4.99,4.99,4.99,4.99,4.99,4.99,4.99,4.99,4.99,3.17,3.70,4.45,4.22,4.79
4.99,4.99,4.99,4.99,4.99,4.99,4.99,4.99,4.99,4.99,4.99,3.05,3.57,3.84,4.13,3.98,4.79,4.99,4.99,4.99,4.99,4.99,4.99,4.99,4.99,4.99,4.99,3.16,3.67,4.45,4.21,4.79
4.99,4.99,4.99,4.99,4.99,4.99,4.99,4.99,4.99,4.99,4.99,3.06,3.56,3.83,4.13,3.99,4.78,4.99,4.99,4.99,4.99,4.99,4.99,4.99,4.99,4.99,4.99,3.15,3.69,4.45,4.22,4.79
4.99,4.99,4.99,4.99,4.99,4.99,4.99,4.99,4.99,4.99,4.99,3.04,3.57,3.84,4.13,3.98,4.78,4.99,4.99,4.99,4.99,4.99,4.99,4.99,4.99,4.99,4.99,3.18,3.72,4.45,4.22,4.79
4.99,4.99,4.99,4.99,4.99,4.99,4.99,4.99,4.99,4.99,4.99,3.06,3.57,3.84,4.13,3.98,4.79,4.99,4.99,4.99,4.99,4.99,4.99,4.99,4.99,4.99,4.99,3.17,3.70,4.44,4.21,4.79
4.99,4.99,4.99,4.99,4.99,4.99,4.99,4.99,4.99,4.99,4.99,3.03,3.54,3.84,4.14,3.99,4.79,4.99,4.99,4.99,4.99,4.99,4.99,4.99,4.99,4.99,4.99,3.18,3.74,4.45,4.24,4.79
4.99,4.99,4.99,4.99,4.99,4.99,4.99,4.99,4.99,4.99,4.99,3.03,3.56,3.86,4.14,3.99,4.79,4.99,4.99,4.99,4.99,4.99,4.99,4.99,4.99,4.99,4.99,3.19,3.72,4.45,4.24,4.79
4.99,4.99,4.99,4.99,4.99,4.99,4.99,4.99,4.99,4.99,4.99,3.03,3.56,3.86,4.13,3.99,4.79,4.99,4.99,4.99,4.99,4.99,4.99,4.99,4.99,4.99,4.99,3.20,3.75,4.46,4.24,4.79
4.99,4.99,4.99,4.99,4.99,4.99,4.99,4.99,4.99,4.99,4.99,3.04,3.55,3.85,4.13,3.99,4.79,4.99,4.99,4.99,4.99,4.99,4.99,4.99,4.99,4.99,4.99,3.19,3.73,4.46,4.24,4.80
4.99,4.99,4.99,4.99,4.99,4.99,4.99,4.99,4.99,4.99,4.99,3.04,3.59,3.85,4.14,4.00,4.79,4.99,4.99,4.99,4.99,4.99,4.99,4.99,4.99,4.99,4.99,3.17,3.69,4.47,4.27,4.80
4.99,4.99,4.99,4.99,4.99,4.99,4.99,4.99,4.99,4.99,4.99,3.03,3.57,3.86,4.14,3.99,4.79,4.99,4.99,4.99,4.99,4.99,4.99,4.99,4.99,4.99,4.99,3.16,3.67,4.46,4.26,4.80
4.99,4.99,4.99,4.99,4.99,4.99,4.99,4.99,4.99,4.99,4.99,3.05,3.58,3.85,4.14,3.99,4.79,4.99,4.99,4.99,4.99,4.99,4.99,4.99,4.99,4.99,4.99,3.15,3.65,4.47,4.27,4.80
4.99,4.99,4.99,4.99,4.99,4.99,4.99,4.99,4.99,4.99,4.99,3.06,3.58,3.85,4.14,3.98,4.79,4.99,4.99,4.99,4.99,4.99,4.99,4.99,4.99,4.99,4.99,3.15,3.68,4.46,4.26,4.80
4.99,4.99,4.99,4.99,4.99,4.99,4.99,4.99,4.99,4.99,4.99,3.06,3.56,3.85,4.14,3.98,4.80,4.99,4.99,4.99,4.99,4.99,4.99,4.99,4.99,4.99,4.99,3.16,3.66,4.46,4.25,4.80
4.99,4.99,4.99,4.99,4.99,4.99,4.99,4.99,4.99,4.99,4.99,3.05,3.55,3.85,4.14,3.98,4.80,4.99,4.99,4.99,4.99,4.99,4.99,4.99,4.99,4.99,4.99,3.18,3.69,4.46,4.24,4.80
4.99,4.99,4.99,4.99,4.99,4.99,4.99,4.99,4.99,4.99,4.99,3.04,3.55,3.85,4.14,3.98,4.79,4.99,4.99,4.99,4.99,4.99,4.99,4.99,4.99,4.99,4.99,3.16,3.69,4.46,4.24,4.80
4.99,4.99,4.99,4.99,4.99,4.99,4.99,4.99,4.99,4.99,4.99,3.02,3.54,3.84,4.16,3.99,4.79,4.99,4.99,4.99,4.99,4.99,4.99,4.99,4.99,4.99,4.99,3.14,3.68,4.46,4.26,4.80
4.99,4.99,4.99,4.99,4.99,4.99,4.99,4.99,4.99,4.99,4.99,3.04,3.56,3.84,4.16,4.00,4.80,4.99,4.99,4.99,4.99,4.99,4.99,4.99,4.99,4.99,4.99,3.15,3.68,4.46,4.25,4.80
4.99,4.99,4.99,4.99,4.99,4.99,4.99,4.99,4.99,4.99,4.99,3.04,3.54,3.84,4.15,3.99,4.82,4.99,4.99,4.99,4.99,4.99,4.99,4.99,4.99,4.99,4.99,3.15,3.68,4.46,4.24,4.80
4.99,4.99,4.99,4.99,4.99,4.99,4.99,4.99,4.99,4.99,4.99,3.04,3.55,3.84,4.17,3.99,4.83,4.99,4.99,4.99,4.99,4.99,4.99,4.99,4.99,4.99,4.99,3.15,3.69,4.46,4.26,4.80
4.99,4.99,4.99,4.99,4.99,4.99,4.99,4.99,4.99,4.99,4.99,3.04,3.55,3.85,4.17,3.99,4.81,4.99,4.99,4.99,4.99,4.99,4.99,4.99,4.99,4.99,4.99,3.15,3.67,4.46,4.26,4.79
4.99,4.99,4.99,4.99,4.99,4.99,4.99,4.99,4.99,4.99,4.99,3.05,3.54,3.84,4.16,3.99,4.85,4.99,4.99,4.99,4.99,4.99,4.99,4.99,4.99,4.99,4.99,3.14,3.68,4.46,4.24,4.80
4.99,4.99,4.99,4.99,4.99,4.99,4.99,4.99,4.99,4.99,4.99,3.03,3.51,3.83,4.16,3.99,4.86,4.99,4.99,4.99,4.99,4.99,4.99,4.99,4.99,4.99,4.99,3.14,3.66,4.46,4.23,4.79
4.99,4.99,4.99,4.99,4.99,4.99,4.99,4.99,4.99,4.99,4.99,3.04,3.54,3.84,4.17,3.99,4.85,4.99,4.99,4.99,4.99,4.99,4.99,4.99,4.99,4.99,4.99,3.14,3.66,4.45,4.25,4.79
4.99,4.99,4.99,4.99,4.99,4.99,4.99,4.99,4.99,4.99,4.99,3.04,3.55,3.83,4.17,3.99,4.85,4.99,4.99,4.99,4.99,4.99,4.99,4.99,4.99,4.99,4.99,3.15,3.64,4.45,4.22,4.79
4.99,4.99,4.99,4.99,4.99,4.99,4.99,4.99,4.99,4.99,4.99,3.05,3.54,3.84,4.18,4.00,4.86,4.99,4.99,4.99,4.99,4.99,4.99,4.99,4.99,4.99,4.99,3.18,3.65,4.44,4.22,4.79
4.99,4.99,4.99,4.99,4.99,4.99,4.99,4.99,4.99,4.99,4.99,3.03,3.52,3.83,4.17,4.01,4.86,4.99,4.99,4.99,4.99,4.99,4.99,4.99,4.99,4.99,4.99,3.18,3.66,4.44,4.22,4.78
4.99,4.99,4.99,4.99,4.99,4.99,4.99,4.99,4.99,4.99,4.99,3.02,3.51,3.82,4.17,4.00,4.86,4.99,4.99,4.99,4.99,4.99,4.99,4.99,4.99,4.99,4.99,3.16,3.64,4.44,4.23,4.79
4.99,4.99,4.99,4.99,4.99,4.99,4.99,4.99,4.99,4.99,4.99,3.02,3.52,3.82,4.17,3.99,4.85,4.99,4.99,4.99,4.99,4.99,4.99,4.99,4.99,4.99,4.99,3.14,3.68,4.45,4.24,4.78
4.99,4.99,4.99,4.99,4.99,4.99,4.99,4.99,4.99,4.99,4.99,3.01,3.53,3.82,4.16,3.98,4.85,4.99,4.99,4.99,4.99,4.99,4.99,4.99,4.99,4.99,4.99,3.13,3.66,4.45,4.26,4.79
4.99,4.99,4.99,4.99,4.99,4.99,4.99,4.99,4.99,4.99,4.99,3.04,3.52,3.82,4.15,3.97,4.85,4.99,4.99,4.99,4.99,4.99,4.99,4.99,4.99,4.99,4.99,3.13,3.65,4.44,4.23,4.78
4.99,4.99,4.99,4.99,4.99,4.99,4.99,4.99,4.99,4.99,4.99,3.05,3.51,3.81,4.15,3.96,4.85,4.99,4.99,4.99,4.99,4.99,4.99,4.99,4.99,4.99,4.99,3.13,3.65,4.44,4.24,4.78
4.99,4.99,4.99,4.99,4.99,4.99,4.99,4.99,4.99,4.99,4.99,3.03,3.50,3.81,4.14,3.97,4.83,4.99,4.99,4.99,4.99,4.99,4.99,4.99,4.99,4.99,4.99,3.13,3.64,4.44,4.24,4.79
4.99,4.99,4.99,4.99,4.99,4.99,4.99,4.99,4.99,4.99,4.99,2.70,3.80,3.77,4.26,4.38,4.67,4.99,4.99,4.99,4.99,4.77,4.99,4.99,4.99,4.99,4.99,3.05,3.88,4.32,4.06,4.67,12,2019-12-14
4.99,4.99,4.99,4.99,4.99,4.99,4.99,4.99,4.99,4.99,4.99,2.67,3.79,3.77,4.25,4.38,4.68,4.99,4.99,4.99,4.99,4.76,4.99,4.99,4.99,4.99,4.99,3.04,3.84,4.31,4.05,4.67
4.99,4.99,4.99,4.99,4.99,4.99,4.99,4.99,4.99,4.99,4.99,2.68,3.76,3.76,4.24,4.32,4.67,4.99,4.99,4.99,4.99,4.76,4.99,4.99,4.99,4.99,4.99,3.01,3.83,4.31,4.04,4.67
4.99,4.99,4.99,4.99,4.99,4.99,4.99,4.99,4.99,4.99,4.99,2.68,3.76,3.75,4.23,4.32,4.67,4.99,4.99,4.99,4.99,4.76,4.99,4.99,4.99,4.99,4.99,3.02,3.80,4.30,4.04,4.67
4.99,4.99,4.99,4.99,4.99,4.99,4.99,4.99,4.99,4.99,4.99,2.69,3.74,3.75,4.22,4.31,4.65,4.99,4.99,4.99,4.99,4.76,4.99,4.99,4.99,4.99,4.99,3.01,3.80,4.31,4.05,4.67
4.99,4.99,4.99,4.99,4.99,4.99,4.99,4.99,4.99,4.99,4.99,2.70,3.77,3.75,4.22,4.31,4.66,4.99,4.99,4.99,4.99,4.77,4.99,4.99,4.99,4.99,4.99,3.02,3.78,4.30,4.04,4.67
4.99,4.99,4.99,4.99,4.99,4.99,4.99,4.99,4.99,4.99,4.99,2.75,3.77,3.75,4.21,4.31,4.67,4.99,4.99,4.99,4.99,4.79,4.99,4.99,4.99,4.99,4.99,3.00,3.79,4.30,4.05,4.67
4.99,4.99,4.99,4.99,4.99,4.99,4.99,4.99,4.99,4.99,4.99,2.74,3.76,3.75,4.22,4.30,4.66,4.99,4.99,4.99,4.99,4.77,4.99,4.99,4.99,4.99,4.99,3.00,3.75,4.30,4.04,4.67
4.99,4.99,4.99,4.99,4.99,4.99,4.99,4.99,4.99,4.99,4.99,2.72,3.74,3.75,4.22,4.30,4.66,4.99,4.99,4.99,4.99,4.76,4.99,4.99,4.99,4.99,4.99,3.00,3.76,4.30,4.05,4.67
4.99,4.99,4.99,4.99,4.99,4.99,4.99,4.99,4.99,4.99,4.99,2.79,3.75,3.74,4.20,4.30,4.67,4.99,4.99,4.99,4.99,4.76,4.99,4.99,4.99,4.99,4.99,3.00,3.67,4.28,4.05,4.66
4.99,4.99,4.99,4.99,4.99,4.99,4.99,4.99,4.99,4.99,4.99,2.80,3.69,3.74,4.20,4.29,4.68,4.99,4.99,4.99,4.99,4.76,4.99,4.99,4.99,4.99,4.99,2.98,3.66,4.26,4.05,4.66
4.99,4.99,4.99,4.99,4.99,4.99,4.99,4.99,4.99,4.99,4.99,2.81,3.66,3.74,4.20,4.28,4.69,4.99,4.99,4.99,4.99,4.76,4.99,4.99,4.99,4.99,4.99,2.98,3.64,4.25,4.05,4.66
4.99,4.99,4.99,4.99,4.99,4.99,4.99,4.99,4.99,4.99,4.99,2.83,3.66,3.73,4.20,4.28,4.69,4.99,4.99,4.99,4.99,4.76,4.99,4.99,4.99,4.99,4.99,2.98,3.65,4.25,4.06,4.66
4.99,4.99,4.99,4.99,4.99,4.99,4.99,4.99,4.99,4.99,4.99,2.84,3.66,3.74,4.19,4.29,4.69,4.99,4.99,4.99,4.99,4.76,4.99,4.99,4.99,4.99,4.99,2.98,3.64,4.25,4.06,4.65
4.99,4.99,4.99,4.99,4.99,4.99,4.99,4.99,4.99,4.99,4.99,2.83,3.67,3.73,4.18,4.29,4.70,4.99,4.99,4.99,4.99,4.77,4.99,4.99,4.99,4.99,4.99,2.97,3.63,4.26,4.05,4.65
4.99,4.99,4.99,4.99,4.99,4.99,4.99,4.99,4.99,4.99,4.99,2.81,3.69,3.73,4.18,4.29,4.69,4.99,4.99,4.99,4.99,4.76,4.99,4.99,4.99,4.99,4.99,2.96,3.62,4.26,4.05,4.65
4.99,4.99,4.99,4.99,4.99,4.99,4.99,4.99,4.99,4.99,4.99,2.75,3.70,3.73,4.19,4.30,4.69,4.99,4.99,4.99,4.99,4.76,4.99,4.99,4.99,4.99,4.99,2.96,3.62,4.25,4.04,4.65
4.99,4.99,4.99,4.99,4.99,4.99,4.99,4.99,4.99,4.99,4.99,2.72,3.71,3.73,4.18,4.28,4.69,4.99,4.99,4.99,4.99,4.76,4.99,4.99,4.99,4.99,4.99,2.95,3.67,4.24,4.05,4.65
4.99,4.99,4.99,4.99,4.99,4.99,4.99,4.99,4.99,4.99,4.99,2.72,3.69,3.73,4.18,4.28,4.69,4.99,4.99,4.99,4.99,4.77,4.99,4.99,4.99,4.99,4.99,2.94,3.68,4.25,4.05,4.66
4.99,4.99,4.99,4.99,4.99,4.99,4.99,4.99,4.99,4.99,4.99,2.73,3.70,3.72,4.18,4.28,4.68,4.99,4.99,4.99,4.99,4.76,4.99,4.99,4.99,4.99,4.99,2.92,3.69,4.25,4.04,4.65
4.99,4.99,4.99,4.99,4.99,4.99,4.99,4.99,4.99,4.99,4.99,2.72,3.70,3.73,4.19,4.29,4.69,4.99,4.99,4.99,4.99,4.76,4.99,4.99,4.99,4.99,4.99,2.92,3.70,4.24,4.04,4.65
4.99,4.99,4.99,4.99,4.99,4.99,4.99,4.99,4.99,4.99,4.99,2.72,3.68,3.73,4.19,4.29,4.69,4.99,4.99,4.99,4.99,4.76,4.99,4.99,4.99,4.99,4.99,2.92,3.74,4.24,4.04,4.65
4.99,4.99,4.99,4.99,4.99,4.99,4.99,4.99,4.99,4.99,4.99,2.74,3.69,3.73,4.19,4.29,4.68,4.99,4.99,4.99,4.99,4.76,4.99,4.99,4.99,4.99,4.99,2.92,3.76,4.23,4.04,4.65
4.99,4.99,4.99,4.99,4.99,4.99,4.99,4.99,4.99,4.99,4.99,2.72,3.73,3.73,4.19,4.29,4.67,4.99,4.99,4.99,4.99,4.76,4.99,4.99,4.99,4.99,4.99,2.92,3.78,4.25,4.05,4.65
4.99,4.99,4.99,4.99,4.99,4.99,4.99,4.99,4.99,4.99,4.99,2.72,3.75,3.72,4.19,4.29,4.69,4.99,4.99,4.99,4.99,4.76,4.99,4.99,4.99,4.99,4.99,2.92,3.76,4.25,4.05,4.65
4.99,4.99,4.99,4.99,4.99,4.99,4.99,4.99,4.99,4.99,4.99,2.73,3.74,3.72,4.19,4.28,4.69,4.99,4.99,4.99,4.99,4.77,4.99,4.99,4.99,4.99,4.99,2.94,3.77,4.25,4.05,4.65
4.99,4.99,4.99,4.99,4.99,4.99,4.99,4.99,4.99,4.99,4.99,2.80,3.76,3.73,4.20,4.28,4.68,4.99,4.99,4.99,4.99,4.76,4.99,4.99,4.99,4.99,4.99,2.96,3.79,4.25,4.04,4.64
4.99,4.99,4.99,4.99,4.99,4.99,4.99,4.99,4.99,4.99,4.99,2.77,3.75,3.73,4.19,4.28,4.68,4.99,4.99,4.99,4.99,4.76,4.99,4.99,4.99,4.99,4.99,2.99,3.82,4.24,4.04,4.65
4.99,4.99,4.99,4.99,4.99,4.99,4.99,4.99,4.99,4.99,4.99,2.75,3.73,3.74,4.19,4.28,4.68,4.99,4.99,4.99,4.99,4.76,4.99,4.99,4.99,4.99,4.99,3.00,3.82,4.24,4.04,4.65
4.99,4.99,4.99,4.99,4.99,4.99,4.99,4.99,4.99,4.99,4.99,2.73,3.72,3.74,4.19,4.28,4.68,4.99,4.99,4.99,4.99,4.76,4.99,4.99,4.99,4.99,4.99,2.97,3.83,4.24,4.04,4.65
4.99,4.99,4.99,4.99,4.99,4.99,4.99,4.99,4.99,4.99,4.99,2.68,3.73,3.73,4.20,4.28,4.68,4.99,4.99,4.99,4.99,4.75,4.99,4.99,4.99,4.99,4.99,2.96,3.89,4.24,4.03,4.64
4.99,4.99,4.99,4.99,4.99,4.99,4.99,4.99,4.99,4.99,4.99,2.71,3.73,3.74,4.20,4.27,4.68,4.99,4.99,4.99,4.99,4.75,4.99,4.99,4.99,4.99,4.99,2.95,3.93,4.24,4.03,4.65
4.99,4.99,4.99,4.99,4.99,4.99,4.99,4.99,4.99,4.99,4.99,2.73,3.71,3.73,4.19,4.27,4.67,4.99,4.99,4.99,4.99,4.76,4.99,4.99,4.99,4.99,4.99,2.94,3.96,4.24,4.03,4.65
4.99,4.99,4.99,4.99,4.99,4.99,4.99,4.99,4.99,4.99,4.99,2.73,3.70,3.73,4.19,4.27,4.67,4.99,4.99,4.99,4.99,4.76,4.99,4.99,4.99,4.99,4.99,2.94,3.95,4.25,4.04,4.64
4.99,4.99,4.99,4.99,4.99,4.99,4.99,4.99,4.99,4.99,4.99,2.72,3.70,3.73,4.19,4.27,4.67,4.99,4.99,4.99,4.99,4.76,4.99,4.99,4.99,4.99,4.99,2.93,3.93,4.25,4.04,4.65
4.99,4.99,4.99,4.99,4.99,4.99,4.99,4.99,4.99,4.99,4.99,2.71,3.71,3.73,4.19,4.28,4.67,4.99,4.99,4.99,4.99,4.76,4.99,4.99,4.99,4.99,4.99,2.92,3.91,4.25,4.04,4.65
4.99,4.99,4.99,4.99,4.99,4.99,4.99,4.99,4.99,4.99,4.99,2.70,3.74,3.72,4.19,4.28,4.67,4.99,4.99,4.99,4.99,4.76,4.99,4.99,4.99,4.99,4.99,2.92,3.92,4.25,4.04,4.65
4.99,4.99,4.99,4.99,4.99,4.99,4.99,4.99,4.99,4.99,4.99,2.74,3.73,3.72,4.19,4.28,4.66,4.99,4.99,4.99,4.99,4.76,4.99,4.99,4.99,4.99,4.99,2.91,3.97,4.24,4.03,4.64
4.99,4.99,4.99,4.99,4.99,4.99,4.99,4.99,4.99,4.99,4.99,2.77,3.73,3.72,4.18,4.28,4.67,4.99,4.99,4.99,4.99,4.76,4.99,4.99,4.99,4.99,4.99,2.91,3.98,4.25,4.04,4.65
4.99,4.99,4.99,4.99,4.99,4.99,4.99,4.99,4.99,4.99,4.99,2.77,3.75,3.72,4.18,4.28,4.67,4.99,4.99,4.99,4.99,4.76,4.99,4.99,4.99,4.99,4.99,2.91,3.95,4.25,4.03,4.65
4.99,4.99,4.99,4.99,4.99,4.99,4.99,4.99,4.99,4.99,4.99,2.75,3.72,3.72,4.18,4.27,4.67,4.99,4.99,4.99,4.99,4.76,4.99,4.99,4.99,4.99,4.99,2.90,3.93,4.25,4.02,4.65
4.99,4.99,4.99,4.99,4.99,4.99,4.99,4.99,4.99,4.99,4.99,2.74,3.71,3.72,4.19,4.27,4.67,4.99,4.99,4.99,4.99,4.76,4.99,4.99,4.99,4.99,4.99,2.89,3.94,4.24,4.03,4.66
4.99,4.99,4.99,4.99,4.99,4.99,4.99,4.99,4.99,4.99,4.99,2.75,3.70,3.72,4.19,4.27,4.67,4.99,4.99,4.99,4.99,4.76,4.99,4.99,4.99,4.99,4.99,2.90,3.95,4.25,4.03,4.66
4.99,4.99,4.99,4.99,4.99,4.99,4.99,4.99,4.99,4.99,4.99,2.73,3.68,3.73,4.20,4.26,4.68,4.99,4.99,4.99,4.99,4.75,4.99,4.99,4.99,4.99,4.99,2.89,3.94,4.25,4.03,4.66
4.99,4.99,4.99,4.99,4.99,4.99,4.99,4.99,4.99,4.99,4.99,2.74,3.68,3.72,4.20,4.26,4.67,4.99,4.99,4.99,4.99,4.75,4.99,4.99,4.99,4.99,4.99,2.88,3.94,4.25,4.03,4.65
4.99,4.99,4.99,4.99,4.99,4.99,4.99,4.99,4.99,4.99,4.99,2.74,3.69,3.72,4.20,4.26,4.68,4.99,4.99,4.99,4.99,4.75,4.99,4.99,4.99,4.99,4.99,2.88,3.94,4.25,4.03,4.65
4.99,4.99,4.99,4.99,4.99,4.99,4.99,4.99,4.99,4.99,4.99,2.73,3.67,3.72,4.20,4.26,4.67,4.99,4.99,4.99,4.99,4.76,4.99,4.99,4.99,4.99,4.99,2.88,3.93,4.24,4.04,4.66
4.99,4.99,4.99,4.99,4.99,4.99,4.99,4.99,4.99,4.99,4.99,2.74,3.70,3.72,4.20,4.26,4.67,4.99,4.99,4.99,4.99,4.74,4.99,4.99,4.99,4.99,4.99,2.88,3.93,4.24,4.03,4.66
4.99,4.99,4.99,4.99,4.99,4.99,4.99,4.99,4.99,4.99,4.99,2.72,3.71,3.72,4.20,4.26,4.67,4.99,4.99,4.99,4.99,4.77,4.99,4.99,4.99,4.99,4.99,2.88,3.92,4.24,4.03,4.66
4.99,4.99,4.99,4.99,4.99,4.99,4.99,4.99,4.99,4.99,4.99,2.71,3.74,3.72,4.20,4.26,4.67,4.99,4.99,4.99,4.99,4.76,4.99,4.99,4.99,4.99,4.99,2.88,3.93,4.24,4.03,4.66
4.99,4.99,4.99,4.99,4.99,4.99,4.99,4.99,4.99,4.99,4.99,2.71,3.74,3.72,4.20,4.27,4.67,4.99,4.99,4.99,4.99,4.75,4.99,4.99,4.99,4.99,4.99,2.87,3.94,4.23,4.04,4.66
4.99,4.99,4.99,4.99,4.99,4.99,4.99,4.99,4.99,4.99,4.99,2.71,3.74,3.72,4.20,4.26,4.67,4.99,4.99,4.99,4.99,4.74,4.99,4.99,4.99,4.99,4.99,2.87,3.98,4.22,4.03,4.66
4.99,4.99,4.99,4.99,4.99,4.99,4.99,4.99,4.99,4.99,4.99,2.70,3.71,3.72,4.21,4.27,4.67,4.99,4.99,4.99,4.99,4.74,4.99,4.99,4.99,4.99,4.99,2.87,3.96,4.23,4.04,4.66
4.99,4.99,4.99,4.99,4.99,4.99,4.99,4.99,4.99,4.99,4.99,2.69,3.70,3.72,4.21,4.27,4.67,4.99,4.99,4.99,4.99,4.75,4.99,4.99,4.99,4.99,4.99,2.87,3.98,4.25,4.04,4.66
4.99,4.99,4.99,4.99,4.99,4.99,4.99,4.99,4.99,4.99,4.99,2.70,3.69,3.72,4.21,4.26,4.67,4.99,4.99,4.99,4.99,4.75,4.99,4.99,4.99,4.99,4.99,2.87,3.98,4.24,4.04,4.66
4.99,4.99,4.99,4.99,4.99,4.99,4.99,4.99,4.99,4.99,4.99,2.69,3.68,3.72,4.21,4.26,4.66,4.99,4.99,4.99,4.99,4.74,4.99,4.99,4.99,4.99,4.99,2.87,3.97,4.24,4.04,4.66
4.99,4.99,4.99,4.99,4.99,4.99,4.99,4.99,4.99,4.99,4.99,2.57,3.72,4.13,4.19,4.15,4.67,4.99,4.99,4.99,4.99,4.60,4.99,4.99,4.99,4.99,4.99,3.08,3.56,4.17,4.11,4.44,13,2019-12-16
4.99,4.99,4.99,4.99,4.99,4.99,4.99,4.99,4.99,4.99,4.99,2.55,3.72,4.11,4.19,4.16,4.67,4.99,4.99,4.99,4.99,4.61,4.99,4.99,4.99,4.99,4.99,3.04,3.57,4.15,4.08,4.44
4.99,4.99,4.99,4.99,4.99,4.99,4.99,4.99,4.99,4.99,4.99,2.55,3.73,4.10,4.18,4.15,4.66,4.99,4.99,4.99,4.99,4.61,4.99,4.99,4.99,4.99,4.99,3.02,3.60,4.15,4.09,4.43
4.99,4.99,4.99,4.99,4.99,4.99,4.99,4.99,4.99,4.99,4.99,2.55,3.69,4.10,4.18,4.14,4.67,4.99,4.99,4.99,4.99,4.60,4.99,4.99,4.99,4.99,4.99,3.00,3.69,4.14,4.06,4.44
4.99,4.99,4.99,4.99,4.99,4.99,4.99,4.99,4.99,4.99,4.99,2.54,3.64,4.11,4.19,4.15,4.67,4.99,4.99,4.99,4.99,4.60,4.99,4.99,4.99,4.99,4.99,2.97,3.81,4.13,4.06,4.43
4.99,4.99,4.99,4.99,4.99,4.99,4.99,4.99,4.99,4.99,4.99,2.57,3.60,4.11,4.19,4.14,4.66,4.99,4.99,4.99,4.99,4.60,4.99,4.99,4.99,4.99,4.99,2.94,3.91,4.10,4.05,4.44
4.99,4.99,4.99,4.99,4.99,4.99,4.99,4.99,4.99,4.99,4.99,2.59,3.58,4.10,4.19,4.14,4.67,4.99,4.99,4.99,4.99,4.60,4.99,4.99,4.99,4.99,4.99,2.91,3.95,4.12,4.02,4.43
4.99,4.99,4.99,4.99,4.99,4.99,4.99,4.99,4.99,4.99,4.99,2.59,3.57,4.11,4.18,4.14,4.66,4.99,4.99,4.99,4.99,4.60,4.99,4.99,4.99,4.99,4.99,2.88,3.95,4.11,4.01,4.44
4.99,4.99,4.99,4.99,4.99,4.99,4.99,4.99,4.99,4.99,4.99,2.60,3.56,4.11,4.20,4.14,4.66,4.99,4.99,4.99,4.99,4.60,4.99,4.99,4.99,4.99,4.99,2.87,3.94,4.10,4.02,4.44
4.99,4.99,4.99,4.99,4.99,4.99,4.99,4.99,4.99,4.99,4.99,2.61,3.54,4.10,4.19,4.14,4.66,4.99,4.99,4.99,4.99,4.60,4.99,4.99,4.99,4.99,4.99,2.84,3.94,4.09,4.03,4.44
4.99,4.99,4.99,4.99,4.99,4.99,4.99,4.99,4.99,4.99,4.99,2.61,3.54,4.11,4.20,4.14,4.66,4.99,4.99,4.99,4.99,4.60,4.99,4.99,4.99,4.99,4.99,2.84,3.93,4.08,4.03,4.44
4.99,4.99,4.99,4.99,4.99,4.99,4.99,4.99,4.99,4.99,4.99,2.61,3.54,4.11,4.18,4.13,4.66,4.99,4.99,4.99,4.99,4.60,4.99,4.99,4.99,4.99,4.99,2.84,3.91,4.08,4.03,4.44
4.99,4.99,4.99,4.99,4.99,4.99,4.99,4.99,4.99,4.99,4.99,2.60,3.54,4.10,4.20,4.13,4.66,4.99,4.99,4.99,4.99,4.60,4.99,4.99,4.99,4.99,4.99,2.83,3.87,4.10,4.05,4.43
4.99,4.99,4.99,4.99,4.99,4.99,4.99,4.99,4.99,4.99,4.99,2.61,3.58,4.10,4.20,4.14,4.66,4.99,4.99,4.99,4.99,4.61,4.99,4.99,4.99,4.99,4.99,2.81,3.84,4.12,4.08,4.43
4.99,4.99,4.99,4.99,4.99,4.99,4.99,4.99,4.99,4.99,4.99,2.62,3.60,4.09,4.20,4.14,4.66,4.99,4.99,4.99,4.99,4.60,4.99,4.99,4.99,4.99,4.99,2.81,3.84,4.12,4.07,4.42
4.99,4.99,4.99,4.99,4.99,4.99,4.99,4.99,4.99,4.99,4.99,2.62,3.63,4.09,4.19,4.14,4.66,4.99,4.99,4.99,4.99,4.60,4.99,4.99,4.99,4.99,4.99,2.81,3.84,4.11,4.09,4.42
4.99,4.99,4.99,4.99,4.99,4.99,4.99,4.99,4.99,4.99,4.99,2.61,3.62,4.09,4.19,4.15,4.66,4.99,4.99,4.99,4.99,4.61,4.99,4.99,4.99,4.99,4.99,2.81,3.84,4.12,4.07,4.42
4.99,4.99,4.99,4.99,4.99,4.99,4.99,4.99,4.99,4.99,4.99,2.62,3.60,4.08,4.19,4.15,4.66,4.99,4.99,4.99,4.99,4.60,4.99,4.99,4.99,4.99,4.99,2.80,3.84,4.11,4.04,4.42
4.99,4.99,4.99,4.99,4.99,4.99,4.99,4.99,4.99,4.99,4.99,2.61,3.58,4.08,4.19,4.16,4.65,4.99,4.99,4.99,4.99,4.61,4.99,4.99,4.99,4.99,4.99,2.79,3.85,4.12,4.07,4.42
4.99,4.99,4.99,4.99,4.99,4.99,4.99,4.99,4.99,4.99,4.99,2.61,3.57,4.08,4.17,4.15,4.66,4.99,4.99,4.99,4.99,4.60,4.99,4.99,4.99,4.99,4.99,2.79,3.87,4.10,4.06,4.42
4.99,4.99,4.99,4.99,4.99,4.99,4.99,4.99,4.99,4.99,4.99,2.61,3.57,4.07,4.17,4.15,4.65,4.99,4.99,4.99,4.99,4.59,4.99,4.99,4.99,4.99,4.99,2.79,3.87,4.09,4.05,4.42
4.99,4.99,4.99,4.99,4.99,4.99,4.99,4.99,4.99,4.99,4.99,2.59,3.56,4.06,4.17,4.15,4.65,4.99,4.99,4.99,4.99,4.61,4.99,4.99,4.99,4.99,4.99,2.78,3.90,4.09,4.03,4.42
4.99,4.99,4.99,4.99,4.99,4.99,4.99,4.99,4.99,4.99,4.99,2.58,3.57,4.06,4.17,4.15,4.64,4.99,4.99,4.99,4.99,4.61,4.99,4.99,4.99,4.99,4.99,2.79,3.89,4.07,4.02,4.41
4.99,4.99,4.99,4.99,4.99,4.99,4.99,4.99,4.99,4.99,4.99,2.58,3.61,4.04,4.19,4.15,4.65,4.99,4.99,4.99,4.99,4.60,4.99,4.99,4.99,4.99,4.99,2.79,3.88,4.01,3.99,4.41
4.99,4.99,4.99,4.99,4.99,4.99,4.99,4.99,4.99,4.99,4.99,2.57,3.61,4.02,4.19,4.14,4.66,4.99,4.99,4.99,4.99,4.59,4.99,4.99,4.99,4.99,4.99,2.78,3.89,4.01,3.97,4.41
4.99,4.99,4.99,4.99,4.99,4.99,4.99,4.99,4.99,4.99,4.99,2.56,3.58,4.02,4.18,4.13,4.66,4.99,4.99,4.99,4.99,4.59,4.99,4.99,4.99,4.99,4.99,2.78,3.86,4.12,4.06,4.44
4.99,4.99,4.99,4.99,4.99,4.99,4.99,4.99,4.99,4.99,4.99,2.61,3.65,4.06,4.19,4.17,4.66,4.99,4.99,4.99,4.99,4.59,4.99,4.99,4.99,4.99,4.99,2.85,3.89,4.17,4.13,4.44
4.99,4.99,4.99,4.99,4.99,4.99,4.99,4.99,4.99,4.99,4.99,2.64,3.60,4.10,4.20,4.20,4.66,4.99,4.99,4.99,4.99,4.60,4.99,4.99,4.99,4.99,4.99,2.89,3.91,4.17,4.12,4.44
4.99,4.99,4.99,4.99,4.99,4.99,4.99,4.99,4.99,4.99,4.99,2.61,3.57,4.10,4.20,4.18,4.68,4.99,4.99,4.99,4.99,4.61,4.99,4.99,4.99,4.99,4.99,2.87,3.93,4.22,4.12,4.44
4.99,4.99,4.99,4.99,4.99,4.99,4.99,4.99,4.99,4.99,4.99,2.62,3.57,4.09,4.20,4.18,4.67,4.99,4.99,4.99,4.99,4.60,4.99,4.99,4.99,4.99,4.99,2.82,3.92,4.18,4.11,4.43
4.99,4.99,4.99,4.99,4.99,4.99,4.99,4.99,4.99,4.99,4.99,2.61,3.56,4.09,4.20,4.18,4.67,4.99,4.99,4.99,4.99,4.60,4.99,4.99,4.99,4.99,4.99,2.82,3.96,4.18,4.11,4.43
4.99,4.99,4.99,4.99,4.99,4.99,4.99,4.99,4.99,4.99,4.99,2.62,3.54,4.08,4.21,4.16,4.66,4.99,4.99,4.99,4.99,4.61,4.99,4.99,4.99,4.99,4.99,2.83,3.90,4.20,4.11,4.43
4.99,4.99,4.99,4.99,4.99,4.99,4.99,4.99,4.99,4.99,4.99,2.59,3.53,4.07,4.20,4.16,4.66,4.99,4.99,4.99,4.99,4.60,4.99,4.99,4.99,4.99,4.99,2.81,3.90,4.18,4.10,4.43
4.99,4.99,4.99,4.99,4.99,4.99,4.99,4.99,4.99,4.99,4.99,2.59,3.52,4.07,4.21,4.15,4.66,4.99,4.99,4.99,4.99,4.60,4.99,4.99,4.99,4.99,4.99,2.79,3.91,4.17,4.09,4.43
4.99,4.99,4.99,4.99,4.99,4.99,4.99,4.99,4.99,4.99,4.99,2.58,3.50,4.08,4.20,4.15,4.67,4.99,4.99,4.99,4.99,4.60,4.99,4.99,4.99,4.99,4.99,2.79,3.88,4.18,4.09,4.43
4.99,4.99,4.99,4.99,4.99,4.99,4.99,4.99,4.99,4.99,4.99,2.58,3.50,4.08,4.20,4.14,4.67,4.99,4.99,4.99,4.99,4.60,4.99,4.99,4.99,4.99,4.99,2.78,3.86,4.18,4.09,4.43
4.99,4.99,4.99,4.99,4.99,4.99,4.99,4.99,4.99,4.99,4.99,2.57,3.51,4.08,4.19,4.12,4.66,4.99,4.99,4.99,4.99,4.60,4.99,4.99,4.99,4.99,4.99,2.78,3.90,4.18,4.09,4.43
4.99,4.99,4.99,4.99,4.99,4.99,4.99,4.99,4.99,4.99,4.99,2.57,3.51,4.07,4.20,4.12,4.66,4.99,4.99,4.99,4.99,4.60,4.99,4.99,4.99,4.99,4.99,2.77,3.89,4.18,4.09,4.43
4.99,4.99,4.99,4.99,4.99,4.99,4.99,4.99,4.99,4.99,4.99,2.57,3.52,4.08,4.20,4.12,4.66,4.99,4.99,4.99,4.99,4.60,4.99,4.99,4.99,4.99,4.99,2.77,3.87,4.20,4.09,4.43
4.99,4.99,4.99,4.99,4.99,4.99,4.99,4.99,4.99,4.99,4.99,2.58,3.54,4.08,4.20,4.11,4.66,4.99,4.99,4.99,4.99,4.60,4.99,4.99,4.99,4.99,4.99,2.77,3.87,4.19,4.10,4.43
4.99,4.99,4.99,4.99,4.99,4.99,4.99,4.99,4.99,4.99,4.99,2.57,3.53,4.07,4.19,4.13,4.66,4.99,4.99,4.99,4.99,4.61,4.99,4.99,4.99,4.99,4.99,2.77,3.86,4.19,4.10,4.43
4.99,4.99,4.99,4.99,4.99,4.99,4.99,4.99,4.99,4.99,4.99,2.56,3.53,4.07,4.19,4.12,4.66,4.99,4.99,4.99,4.99,4.60,4.99,4.99,4.99,4.99,4.99,2.76,3.86,4.19,4.10,4.43
4.99,4.99,4.99,4.99,4.99,4.99,4.99,4.99,4.99,4.99,4.99,2.55,3.52,4.07,4.19,4.12,4.66,4.99,4.99,4.99,4.99,4.61,4.99,4.99,4.99,4.99,4.99,2.77,3.85,4.19,4.10,4.43
4.99,4.99,4.99,4.99,4.99,4.99,4.99,4.99,4.99,4.99,4.99,2.55,3.54,4.07,4.20,4.12,4.66,4.99,4.99,4.99,4.99,4.59,4.99,4.99,4.99,4.99,4.99,2.76,3.85,4.20,4.10,4.44
4.99,4.99,4.99,4.99,4.99,4.99,4.99,4.99,4.99,4.99,4.99,2.55,3.54,4.06,4.19,4.11,4.66,4.99,4.99,4.99,4.99,4.60,4.99,4.99,4.99,4.99,4.99,2.76,3.84,4.19,4.09,4.43
4.99,4.99,4.99,4.99,4.99,4.99,4.99,4.99,4.99,4.99,4.99,2.54,3.50,4.07,4.20,4.12,4.66,4.99,4.99,4.99,4.99,4.60,4.99,4.99,4.99,4.99,4.99,2.75,3.84,4.18,4.08,4.43
4.99,4.99,4.99,4.99,4.99,4.99,4.99,4.99,4.99,4.99,4.99,2.54,3.49,4.07,4.18,4.12,4.66,4.99,4.99,4.99,4.99,4.60,4.99,4.99,4.99,4.99,4.99,2.75,3.85,4.18,4.09,4.43
4.99,4.99,4.99,4.99,4.99,4.99,4.99,4.99,4.99,4.99,4.99,2.54,3.48,4.07,4.18,4.12,4.66,4.99,4.99,4.99,4.99,4.60,4.99,4.99,4.99,4.99,4.99,2.75,3.83,4.17,4.08,4.43
4.99,4.99,4.99,4.99,4.99,4.99,4.99,4.99,4.99,4.99,4.99,2.55,3.50,4.07,4.17,4.12,4.66,4.99,4.99,4.99,4.99,4.60,4.99,4.99,4.99,4.99,4.99,2.75,3.84,4.17,4.09,4.43
4.99,4.99,4.99,4.99,4.99,4.99,4.99,4.99,4.99,4.99,4.99,2.54,3.51,4.06,4.18,4.13,4.66,4.99,4.99,4.99,4.99,4.60,4.99,4.99,4.99,4.99,4.99,2.75,3.83,4.17,4.09,4.43
4.99,4.99,4.99,4.99,4.99,4.99,4.99,4.99,4.99,4.99,4.99,2.54,3.50,4.06,4.18,4.13,4.66,4.99,4.99,4.99,4.99,4.60,4.99,4.99,4.99,4.99,4.99,2.76,3.80,4.19,4.08,4.43
4.99,4.99,4.99,4.99,4.99,4.99,4.99,4.99,4.99,4.99,4.99,2.53,3.49,4.06,4.18,4.12,4.66,4.99,4.99,4.99,4.99,4.61,4.99,4.99,4.99,4.99,4.99,2.75,3.79,4.18,4.08,4.43
4.99,4.99,4.99,4.99,4.99,4.99,4.99,4.99,4.99,4.99,4.99,2.53,3.49,4.07,4.20,4.13,4.66,4.99,4.99,4.99,4.99,4.61,4.99,4.99,4.99,4.99,4.99,2.75,3.78,4.17,4.09,4.43
4.99,4.99,4.99,4.99,4.99,4.99,4.99,4.99,4.99,4.99,4.99,2.53,3.47,4.08,4.20,4.13,4.66,4.99,4.99,4.99,4.99,4.59,4.99,4.99,4.99,4.99,4.99,2.75,3.78,4.17,4.09,4.44
4.99,4.99,4.99,4.99,4.99,4.99,4.99,4.99,4.99,4.99,4.99,2.53,3.49,4.07,4.21,4.12,4.67,4.99,4.99,4.99,4.99,4.60,4.99,4.99,4.99,4.99,4.99,2.75,3.78,4.17,4.08,4.43
4.99,4.99,4.99,4.99,4.99,4.99,4.99,4.99,4.99,4.99,4.99,2.53,3.47,4.08,4.20,4.13,4.66,4.99,4.99,4.99,4.99,4.60,4.99,4.99,4.99,4.99,4.99,2.76,3.79,4.17,4.09,4.43
4.99,4.99,4.99,4.99,4.99,4.99,4.99,4.99,4.99,4.99,4.99,2.80,3.55,4.00,4.22,4.49,4.99,4.99,4.99,4.99,4.99,4.99,4.99,4.99,4.99,4.99,4.99,2.75,3.69,4.35,4.11,4.53,14,2019-12-16
4.99,4.99,4.99,4.99,4.99,4.99,4.99,4.99,4.99,4.99,4.99,2.79,3.55,4.00,4.22,4.48,4.99,4.99,4.99,4.99,4.99,4.99,4.99,4.99,4.99,4.99,4.99,2.75,3.68,4.35,4.10,4.53
4.99,4.99,4.99,4.99,4.99,4.99,4.99,4.99,4.99,4.99,4.99,2.78,3.54,4.00,4.22,4.48,4.99,4.99,4.99,4.99,4.99,4.99,4.99,4.99,4.99,4.99,4.99,2.74,3.68,4.34,4.10,4.53
4.99,4.99,4.99,4.99,4.99,4.99,4.99,4.99,4.99,4.99,4.99,2.78,3.55,4.01,4.22,4.48,4.99,4.99,4.99,4.99,4.99,4.99,4.99,4.99,4.99,4.99,4.99,2.75,3.67,4.34,4.10,4.53
4.99,4.99,4.99,4.99,4.99,4.99,4.99,4.99,4.99,4.99,4.99,2.78,3.55,4.01,4.21,4.48,4.99,4.99,4.99,4.99,4.99,4.99,4.99,4.99,4.99,4.99,4.99,2.74,3.67,4.34,4.11,4.53
4.99,4.99,4.99,4.99,4.99,4.99,4.99,4.99,4.99,4.99,4.99,2.77,3.54,4.01,4.21,4.48,4.99,4.99,4.99,4.99,4.99,4.99,4.99,4.99,4.99,4.99,4.99,2.73,3.67,4.34,4.11,4.53
4.99,4.99,4.99,4.99,4.99,4.99,4.99,4.99,4.99,4.99,4.99,2.77,3.53,4.02,4.22,4.47,4.99,4.99,4.99,4.99,4.99,4.99,4.99,4.99,4.99,4.99,4.99,2.74,3.70,4.34,4.10,4.53
4.99,4.99,4.99,4.99,4.99,4.99,4.99,4.99,4.99,4.99,4.99,2.77,3.53,4.01,4.21,4.47,4.99,4.99,4.99,4.99,4.99,4.99,4.99,4.99,4.99,4.99,4.99,2.73,3.67,4.33,4.10,4.53
4.99,4.99,4.99,4.99,4.99,4.99,4.99,4.99,4.99,4.99,4.99,2.77,3.54,4.01,4.21,4.48,4.99,4.99,4.99,4.99,4.99,4.99,4.99,4.99,4.99,4.99,4.99,2.72,3.69,4.33,4.10,4.54
4.99,4.99,4.99,4.99,4.99,4.99,4.99,4.99,4.99,4.99,4.99,2.78,3.53,4.01,4.21,4.47,4.99,4.99,4.99,4.99,4.99,4.99,4.99,4.99,4.99,4.99,4.99,2.72,3.69,4.33,4.10,4.53
4.99,4.99,4.99,4.99,4.99,4.99,4.99,4.99,4.99,4.99,4.99,2.78,3.52,4.01,4.21,4.46,4.99,4.99,4.99,4.99,4.99,4.99,4.99,4.99,4.99,4.99,4.99,2.71,3.68,4.33,4.10,4.53
4.99,4.99,4.99,4.99,4.99,4.99,4.99,4.99,4.99,4.99,4.99,2.78,3.53,4.01,4.21,4.46,4.99,4.99,4.99,4.99,4.99,4.99,4.99,4.99,4.99,4.99,4.99,2.71,3.67,4.33,4.11,4.54
4.99,4.99,4.99,4.99,4.99,4.99,4.99,4.99,4.99,4.99,4.99,2.77,3.52,4.00,4.21,4.45,4.99,4.99,4.99,4.99,4.99,4.99,4.99,4.99,4.99,4.99,4.99,2.71,3.67,4.33,4.10,4.54
4.99,4.99,4.99,4.99,4.99,4.99,4.99,4.99,4.99,4.99,4.99,2.76,3.52,4.00,4.21,4.46,4.99,4.99,4.99,4.99,4.99,4.99,4.99,4.99,4.99,4.99,4.99,2.71,3.67,4.35,4.09,4.53
4.99,4.99,4.99,4.99,4.99,4.99,4.99,4.99,4.99,4.99,4.99,2.77,3.54,4.00,4.20,4.46,4.99,4.99,4.99,4.99,4.99,4.99,4.99,4.99,4.99,4.99,4.99,2.71,3.66,4.35,4.09,4.54
4.99,4.99,4.99,4.99,4.99,4.99,4.99,4.99,4.99,4.99,4.99,2.77,3.54,3.99,4.21,4.46,4.99,4.99,4.99,4.99,4.99,4.99,4.99,4.99,4.99,4.99,4.99,2.72,3.64,4.35,4.09,4.53
4.99,4.99,4.99,4.99,4.99,4.99,4.99,4.99,4.99,4.99,4.99,2.77,3.53,4.00,4.19,4.46,4.99,4.99,4.99,4.99,4.99,4.99,4.99,4.99,4.99,4.99,4.99,2.72,3.64,4.35,4.09,4.53
4.99,4.99,4.99,4.99,4.99,4.99,4.99,4.99,4.99,4.99,4.99,2.76,3.52,3.99,4.21,4.45,4.99,4.99,4.99,4.99,4.99,4.99,4.99,4.99,4.99,4.99,4.99,2.70,3.62,4.35,4.09,4.54
4.99,4.99,4.99,4.99,4.99,4.99,4.99,4.99,4.99,4.99,4.99,2.77,3.52,3.99,4.20,4.46,4.99,4.99,4.99,4.99,4.99,4.99,4.99,4.99,4.99,4.99,4.99,2.70,3.63,4.35,4.10,4.54
4.99,4.99,4.99,4.99,4.99,4.99,4.99,4.99,4.99,4.99,4.99,2.77,3.52,3.99,4.20,4.46,4.99,4.99,4.99,4.99,4.99,4.99,4.99,4.99,4.99,4.99,4.99,2.71,3.64,4.35,4.09,4.54
4.99,4.99,4.99,4.99,4.99,4.99,4.99,4.99,4.99,4.99,4.99,2.76,3.51,3.99,4.20,4.46,4.99,4.99,4.99,4.99,4.99,4.99,4.99,4.99,4.99,4.99,4.99,2.70,3.63,4.35,4.09,4.54
4.99,4.99,4.99,4.99,4.99,4.99,4.99,4.99,4.99,4.99,4.99,2.76,3.50,3.99,4.19,4.45,4.99,4.99,4.99,4.99,4.99,4.99,4.99,4.99,4.99,4.99,4.99,2.69,3.64,4.35,4.09,4.54
4.99,4.99,4.99,4.99,4.99,4.99,4.99,4.99,4.99,4.99,4.99,2.77,3.52,3.99,4.20,4.46,4.99,4.99,4.99,4.99,4.99,4.99,4.99,4.99,4.99,4.99,4.99,2.69,3.62,4.34,4.09,4.53
4.99,4.99,4.99,4.99,4.99,4.99,4.99,4.99,4.99,4.99,4.99,2.77,3.52,3.99,4.20,4.46,4.99,4.99,4.99,4.99,4.99,4.99,4.99,4.99,4.99,4.99,4.99,2.69,3.63,4.35,4.09,4.53
4.99,4.99,4.99,4.99,4.99,4.99,4.99,4.99,4.99,4.99,4.99,2.77,3.52,3.99,4.20,4.45,4.99,4.99,4.99,4.99,4.99,4.99,4.99,4.99,4.99,4.99,4.99,2.68,3.62,4.34,4.09,4.53
4.99,4.99,4.99,4.99,4.99,4.99,4.99,4.99,4.99,4.99,4.99,2.77,3.51,3.99,4.20,4.45,4.99,4.99,4.99,4.99,4.99,4.99,4.99,4.99,4.99,4.99,4.99,2.68,3.61,4.34,4.08,4.53
4.99,4.99,4.99,4.99,4.99,4.99,4.99,4.99,4.99,4.99,4.99,2.77,3.52,3.98,4.19,4.45,4.99,4.99,4.99,4.99,4.99,4.99,4.99,4.99,4.99,4.99,4.99,2.68,3.62,4.34,4.08,4.53
4.99,4.99,4.99,4.99,4.99,4.99,4.99,4.99,4.99,4.99,4.99,2.77,3.51,3.98,4.20,4.45,4.99,4.99,4.99,4.99,4.99,4.99,4.99,4.99,4.99,4.99,4.99,2.69,3.62,4.34,4.08,4.53
4.99,4.99,4.99,4.99,4.99,4.99,4.99,4.99,4.99,4.99,4.99,2.77,3.53,3.98,4.19,4.45,4.99,4.99,4.99,4.99,4.99,4.99,4.99,4.99,4.99,4.99,4.99,2.69,3.61,4.34,4.08,4.53
4.99,4.99,4.99,4.99,4.99,4.99,4.99,4.99,4.99,4.99,4.99,2.76,3.53,3.98,4.20,4.45,4.99,4.99,4.99,4.99,4.99,4.99,4.99,4.99,4.99,4.99,4.99,2.69,3.62,4.34,4.09,4.54
4.99,4.99,4.99,4.99,4.99,4.99,4.99,4.99,4.99,4.99,4.99,2.77,3.54,3.97,4.19,4.45,4.99,4.99,4.99,4.99,4.99,4.99,4.99,4.99,4.99,4.99,4.99,2.68,3.63,4.35,4.10,4.53
4.99,4.99,4.99,4.99,4.99,4.99,4.99,4.99,4.99,4.99,4.99,2.83,3.61,3.95,4.19,4.45,4.99,4.99,4.99,4.99,4.99,4.99,4.99,4.99,4.99,4.99,4.99,2.70,3.64,4.34,4.10,4.53
4.99,4.99,4.99,4.99,4.99,4.99,4.99,4.99,4.99,4.99,4.99,2.79,3.58,3.96,4.20,4.45,4.99,4.99,4.99,4.99,4.99,4.99,4.99,4.99,4.99,4.99,4.99,2.69,3.63,4.34,4.09,4.54
4.99,4.99,4.99,4.99,4.99,4.99,4.99,4.99,4.99,4.99,4.99,2.79,3.55,3.98,4.20,4.46,4.99,4.99,4.99,4.99,4.99,4.99,4.99,4.99,4.99,4.99,4.99,2.70,3.66,4.34,4.09,4.53
4.99,4.99,4.99,4.99,4.99,4.99,4.99,4.99,4.99,4.99,4.99,2.76,3.53,3.99,4.19,4.46,4.99,4.99,4.99,4.99,4.99,4.99,4.99,4.99,4.99,4.99,4.99,2.70,3.66,4.34,4.08,4.52
4.99,4.99,4.99,4.99,4.99,4.99,4.99,4.99,4.99,4.99,4.99,2.76,3.53,3.99,4.20,4.45,4.99,4.99,4.99,4.99,4.99,4.99,4.99,4.99,4.99,4.99,4.99,2.73,3.68,4.34,4.09,4.54
4.99,4.99,4.99,4.99,4.99,4.99,4.99,4.99,4.99,4.99,4.99,2.75,3.53,3.99,4.19,4.45,4.99,4.99,4.99,4.99,4.99,4.99,4.99,4.99,4.99,4.99,4.99,2.71,3.66,4.34,4.08,4.54
4.99,4.99,4.99,4.99,4.99,4.99,4.99,4.99,4.99,4.99,4.99,2.75,3.52,3.99,4.19,4.44,4.99,4.99,4.99,4.99,4.99,4.99,4.99,4.99,4.99,4.99,4.99,2.70,3.62,4.33,4.09,4.53
4.99,4.99,4.99,4.99,4.99,4.99,4.99,4.99,4.99,4.99,4.99,2.76,3.52,3.99,4.19,4.44,4.99,4.99,4.99,4.99,4.99,4.99,4.99,4.99,4.99,4.99,4.99,2.69,3.63,4.34,4.10,4.53
4.99,4.99,4.99,4.99,4.99,4.99,4.99,4.99,4.99,4.99,4.99,2.77,3.53,3.98,4.19,4.43,4.99,4.99,4.99,4.99,4.99,4.99,4.99,4.99,4.99,4.99,4.99,2.69,3.63,4.34,4.09,4.53
4.99,4.99,4.99,4.99,4.99,4.99,4.99,4.99,4.99,4.99,4.99,2.78,3.53,3.96,4.20,4.44,4.99,4.99,4.99,4.99,4.99,4.99,4.99,4.99,4.99,4.99,4.99,2.69,3.60,4.34,4.10,4.52
4.99,4.99,4.99,4.99,4.99,4.99,4.99,4.99,4.99,4.99,4.99,2.78,3.54,3.96,4.19,4.42,4.99,4.99,4.99,4.99,4.99,4.99,4.99,4.99,4.99,4.99,4.99,2.68,3.59,4.33,4.10,4.52
4.99,4.99,4.99,4.99,4.99,4.99,4.99,4.99,4.99,4.99,4.99,2.77,3.54,3.96,4.19,4.44,4.99,4.99,4.99,4.99,4.99,4.99,4.99,4.99,4.99,4.99,4.99,2.68,3.58,4.33,4.10,4.52
4.99,4.99,4.99,4.99,4.99,4.99,4.99,4.99,4.99,4.99,4.99,2.77,3.52,3.96,4.19,4.42,4.99,4.99,4.99,4.99,4.99,4.99,4.99,4.99,4.99,4.99,4.99,2.68,3.59,4.34,4.10,4.52
4.99,4.99,4.99,4.99,4.99,4.99,4.99,4.99,4.99,4.99,4.99,2.77,3.52,3.95,4.19,4.42,4.99,4.99,4.99,4.99,4.99,4.99,4.99,4.99,4.99,4.99,4.99,2.68,3.60,4.33,4.10,4.52
4.99,4.99,4.99,4.99,4.99,4.99,4.99,4.99,4.99,4.99,4.99,2.77,3.52,3.95,4.19,4.41,4.99,4.99,4.99,4.99,4.99,4.99,4.99,4.99,4.99,4.99,4.99,2.68,3.61,4.33,4.10,4.52
4.99,4.99,4.99,4.99,4.99,4.99,4.99,4.99,4.99,4.99,4.99,2.76,3.51,3.95,4.19,4.42,4.99,4.99,4.99,4.99,4.99,4.99,4.99,4.99,4.99,4.99,4.99,2.68,3.61,4.33,4.10,4.52
4.99,4.99,4.99,4.99,4.99,4.99,4.99,4.99,4.99,4.99,4.99,2.76,3.51,3.95,4.19,4.42,4.99,4.99,4.99,4.99,4.99,4.99,4.99,4.99,4.99,4.99,4.99,2.68,3.61,4.33,4.10,4.52
4.99,4.99,4.99,4.99,4.99,4.99,4.99,4.99,4.99,4.99,4.99,2.77,3.53,3.95,4.19,4.40,4.99,4.99,4.99,4.99,4.99,4.99,4.99,4.99,4.99,4.99,4.99,2.67,3.60,4.33,4.09,4.51
4.99,4.99,4.99,4.99,4.99,4.99,4.99,4.99,4.99,4.99,4.99,2.77,3.51,3.94,4.19,4.40,4.99,4.99,4.99,4.99,4.99,4.99,4.99,4.99,4.99,4.99,4.99,2.67,3.60,4.33,4.08,4.51
4.99,4.99,4.99,4.99,4.99,4.99,4.99,4.99,4.99,4.99,4.99,2.76,3.53,3.94,4.18,4.40,4.99,4.99,4.99,4.99,4.99,4.99,4.99,4.99,4.99,4.99,4.99,2.66,3.60,4.33,4.09,4.52
4.99,4.99,4.99,4.99,4.99,4.99,4.99,4.99,4.99,4.99,4.99,2.75,3.53,3.92,4.18,4.40,4.99,4.99,4.99,4.99,4.99,4.99,4.99,4.99,4.99,4.99,4.99,2.66,3.59,4.34,4.08,4.52
4.99,4.99,4.99,4.99,4.99,4.99,4.99,4.99,4.99,4.99,4.99,2.76,3.53,3.93,4.18,4.40,4.99,4.99,4.99,4.99,4.99,4.99,4.99,4.99,4.99,4.99,4.99,2.66,3.59,4.33,4.08,4.51
4.99,4.99,4.99,4.99,4.99,4.99,4.99,4.99,4.99,4.99,4.99,2.75,3.54,3.93,4.18,4.40,4.99,4.99,4.99,4.99,4.99,4.99,4.99,4.99,4.99,4.99,4.99,2.66,3.59,4.33,4.09,4.51
4.99,4.99,4.99,4.99,4.99,4.99,4.99,4.99,4.99,4.99,4.99,2.75,3.54,3.92,4.18,4.40,4.99,4.99,4.99,4.99,4.99,4.99,4.99,4.99,4.99,4.99,4.99,2.65,3.58,4.32,4.08,4.51
4.99,4.99,4.99,4.99,4.99,4.99,4.99,4.99,4.99,4.99,4.99,2.74,3.54,3.92,4.18,4.39,4.99,4.99,4.99,4.99,4.99,4.99,4.99,4.99,4.99,4.99,4.99,2.66,3.58,4.33,4.10,4.51
4.99,4.99,4.84,4.99,4.99,4.99,4.99,4.99,4.99,4.99,4.99,3.14,3.75,3.72,3.97,3.80,4.55,4.99,4.99,4.99,4.99,4.45,4.99,4.99,4.99,4.99,4.99,2.75,3.90,4.19,4.11,4.26,15,2019-12-16
4.99,4.99,4.84,4.99,4.99,4.99,4.99,4.99,4.99,4.99,4.99,3.15,3.77,3.72,3.97,3.80,4.56,4.99,4.99,4.99,4.99,4.45,4.99,4.99,4.99,4.99,4.99,2.75,3.92,4.19,4.11,4.28
4.99,4.99,4.84,4.99,4.99,4.99,4.99,4.99,4.99,4.99,4.99,3.14,3.77,3.72,3.97,3.80,4.56,4.99,4.99,4.99,4.99,4.45,4.99,4.99,4.99,4.99,4.99,2.74,3.90,4.19,4.11,4.31
4.99,4.99,4.85,4.99,4.99,4.99,4.99,4.99,4.99,4.99,4.99,3.11,3.74,3.72,3.97,3.82,4.56,4.99,4.99,4.99,4.99,4.45,4.99,4.99,4.99,4.99,4.99,2.74,3.91,4.21,4.12,4.31
4.99,4.99,4.84,4.99,4.99,4.99,4.99,4.99,4.99,4.99,4.99,3.12,3.77,3.72,3.96,3.81,4.56,4.99,4.99,4.99,4.99,4.47,4.99,4.99,4.99,4.99,4.99,2.76,3.94,4.22,4.12,4.29
4.99,4.99,4.84,4.99,4.99,4.99,4.99,4.99,4.99,4.99,4.99,3.14,3.77,3.72,3.97,3.80,4.56,4.99,4.99,4.99,4.99,4.45,4.99,4.99,4.99,4.99,4.99,2.74,3.94,4.21,4.12,4.31
4.99,4.99,4.84,4.99,4.99,4.99,4.99,4.99,4.99,4.99,4.99,3.12,3.74,3.72,3.96,3.81,4.55,4.99,4.89,4.99,4.99,4.46,4.99,4.99,4.99,4.99,4.99,2.78,3.97,4.21,4.11,4.30
4.99,4.99,4.84,4.99,4.99,4.99,4.99,4.99,4.99,4.99,4.99,3.10,3.75,3.73,3.96,3.81,4.54,4.99,4.90,4.99,4.99,4.46,4.99,4.99,4.99,4.99,4.99,2.77,3.96,4.21,4.11,4.31
4.99,4.99,4.83,4.99,4.99,4.99,4.99,4.99,4.99,4.99,4.99,3.08,3.75,3.72,3.97,3.80,4.55,4.99,4.90,4.99,4.99,4.46,4.99,4.99,4.99,4.99,4.99,2.81,3.98,4.20,4.10,4.30
4.99,4.99,4.86,4.99,4.99,4.99,4.99,4.99,4.99,4.99,4.99,3.09,3.73,3.72,3.96,3.80,4.56,4.99,4.99,4.99,4.99,4.46,4.99,4.99,4.99,4.99,4.99,2.80,3.96,4.20,4.10,4.31
4.99,4.99,4.87,4.99,4.99,4.99,4.99,4.99,4.99,4.99,4.99,3.08,3.71,3.72,3.97,3.80,4.56,4.99,4.89,4.99,4.99,4.45,4.99,4.99,4.99,4.99,4.99,2.81,3.95,4.19,4.10,4.32
4.99,4.99,4.89,4.99,4.99,4.99,4.99,4.99,4.99,4.99,4.99,3.06,3.70,3.71,3.96,3.79,4.54,4.99,4.90,4.99,4.99,4.46,4.99,4.99,4.99,4.99,4.99,2.80,3.92,4.20,4.10,4.32
4.99,4.99,4.86,4.99,4.99,4.99,4.99,4.99,4.99,4.99,4.99,3.07,3.69,3.71,3.97,3.80,4.54,4.99,4.89,4.99,4.99,4.46,4.99,4.99,4.99,4.99,4.99,2.77,3.93,4.21,4.09,4.31
4.99,4.99,4.85,4.99,4.99,4.99,4.99,4.99,4.99,4.99,4.99,3.10,3.70,3.71,3.95,3.79,4.53,4.99,4.90,4.99,4.99,4.45,4.99,4.99,4.99,4.99,4.99,2.79,3.92,4.21,4.08,4.30
4.99,4.99,4.85,4.99,4.99,4.99,4.99,4.99,4.99,4.99,4.99,3.08,3.66,3.71,3.95,3.79,4.54,4.99,4.90,4.99,4.99,4.45,4.99,4.99,4.99,4.99,4.99,2.79,3.92,4.19,4.09,4.30
4.99,4.99,4.88,4.99,4.99,4.99,4.99,4.99,4.99,4.99,4.99,3.08,3.67,3.71,3.96,3.79,4.54,4.99,4.90,4.99,4.99,4.45,4.99,4.99,4.99,4.99,4.99,2.79,3.94,4.20,4.09,4.31
4.99,4.99,4.84,4.99,4.99,4.99,4.99,4.99,4.99,4.99,4.99,3.09,3.68,3.70,3.96,3.79,4.54,4.99,4.99,4.99,4.99,4.45,4.99,4.99,4.99,4.99,4.99,2.75,3.89,4.20,4.09,4.31
4.99,4.99,4.84,4.99,4.99,4.99,4.99,4.99,4.99,4.99,4.99,3.09,3.70,3.70,3.96,3.80,4.53,4.99,4.90,4.99,4.99,4.45,4.99,4.99,4.99,4.99,4.99,2.76,3.91,4.20,4.09,4.32
4.99,4.99,4.85,4.99,4.99,4.99,4.99,4.99,4.99,4.99,4.99,3.08,3.70,3.69,3.96,3.80,4.55,4.99,4.90,4.99,4.99,4.45,4.99,4.99,4.99,4.99,4.99,2.75,3.91,4.19,4.09,4.32
4.99,4.99,4.86,4.99,4.99,4.99,4.99,4.99,4.99,4.99,4.99,3.08,3.70,3.70,3.96,3.79,4.53,4.99,4.90,4.99,4.99,4.45,4.99,4.99,4.99,4.99,4.99,2.74,3.91,4.20,4.09,4.31
4.99,4.99,4.99,4.99,4.99,4.99,4.99,4.99,4.99,4.99,4.99,3.08,3.68,3.70,3.96,3.80,4.53,4.99,4.90,4.99,4.99,4.45,4.99,4.99,4.99,4.99,4.99,2.75,3.90,4.19,4.09,4.31
4.99,4.99,4.99,4.99,4.99,4.99,4.99,4.99,4.99,4.99,4.99,3.08,3.67,3.69,3.96,3.79,4.53,4.99,4.90,4.99,4.99,4.44,4.99,4.99,4.99,4.99,4.99,2.76,3.89,4.19,4.08,4.31
4.99,4.99,4.99,4.99,4.99,4.99,4.99,4.99,4.99,4.99,4.99,3.09,3.67,3.69,3.96,3.79,4.54,4.99,4.89,4.99,4.99,4.44,4.99,4.99,4.99,4.99,4.99,2.76,3.88,4.19,4.08,4.30
4.99,4.99,4.99,4.99,4.99,4.99,4.99,4.99,4.99,4.99,4.99,3.09,3.67,3.69,3.96,3.79,4.53,4.99,4.89,4.99,4.99,4.45,4.99,4.99,4.99,4.99,4.99,2.75,3.86,4.19,4.08,4.31
4.99,4.99,4.99,4.99,4.99,4.99,4.99,4.99,4.99,4.99,4.99,3.12,3.68,3.69,3.97,3.79,4.53,4.99,4.89,4.99,4.99,4.44,4.99,4.99,4.99,4.99,4.99,2.73,3.87,4.19,4.08,4.31
4.99,4.99,4.99,4.99,4.99,4.99,4.99,4.99,4.99,4.99,4.99,3.13,3.66,3.69,3.96,3.79,4.53,4.99,4.89,4.99,4.99,4.44,4.99,4.99,4.99,4.99,4.99,2.75,3.90,4.19,4.08,4.31
4.99,4.99,4.99,4.99,4.99,4.99,4.99,4.99,4.99,4.99,4.99,3.12,3.67,3.68,3.96,3.78,4.54,4.99,4.89,4.99,4.99,4.45,4.99,4.99,4.99,4.99,4.99,2.74,3.89,4.19,4.08,4.31
4.99,4.99,4.99,4.99,4.99,4.99,4.99,4.99,4.99,4.99,4.99,3.12,3.68,3.68,3.96,3.79,4.53,4.99,4.89,4.99,4.99,4.44,4.99,4.99,4.99,4.99,4.99,2.71,3.88,4.20,4.07,4.31
4.99,4.99,4.90,4.99,4.99,4.99,4.99,4.99,4.99,4.99,4.99,3.12,3.65,3.68,3.96,3.79,4.53,4.99,4.89,4.99,4.99,4.44,4.99,4.99,4.99,4.99,4.99,2.71,3.89,4.19,4.08,4.31
4.99,4.99,4.90,4.99,4.99,4.99,4.99,4.99,4.99,4.99,4.99,3.12,3.69,3.68,3.95,3.79,4.54,4.99,4.89,4.99,4.99,4.44,4.99,4.99,4.99,4.99,4.99,2.72,3.90,4.19,4.08,4.30
4.99,4.99,4.89,4.99,4.99,4.99,4.99,4.99,4.99,4.99,4.99,3.10,3.70,3.68,3.96,3.79,4.54,4.99,4.89,4.99,4.99,4.44,4.99,4.99,4.99,4.99,4.99,2.70,3.89,4.18,4.07,4.31
4.99,4.99,4.88,4.99,4.99,4.99,4.99,4.99,4.99,4.99,4.99,3.09,3.69,3.68,3.96,3.80,4.54,4.99,4.90,4.99,4.99,4.44,4.99,4.99,4.99,4.99,4.99,2.70,3.88,4.18,4.08,4.32
4.99,4.99,4.85,4.99,4.99,4.99,4.99,4.99,4.99,4.99,4.99,3.07,3.68,3.69,3.98,3.81,4.54,4.99,4.90,4.99,4.99,4.44,4.99,4.99,4.99,4.99,4.99,2.70,3.86,4.18,4.08,4.31
4.99,4.99,4.83,4.99,4.99,4.99,4.99,4.99,4.99,4.99,4.99,3.11,3.74,3.69,3.97,3.79,4.54,4.99,4.89,4.99,4.99,4.44,4.99,4.99,4.99,4.99,4.99,2.76,3.96,4.18,4.07,4.30
4.99,4.99,4.81,4.99,4.99,4.99,4.99,4.99,4.99,4.99,4.99,3.11,3.72,3.68,3.98,3.80,4.53,4.99,4.89,4.99,4.99,4.44,4.99,4.99,4.99,4.99,4.99,2.74,3.96,4.18,4.07,4.31
4.99,4.99,4.79,4.99,4.99,4.99,4.99,4.99,4.99,4.99,4.99,3.11,3.71,3.69,3.98,3.81,4.53,4.99,4.89,4.99,4.99,4.44,4.99,4.99,4.99,4.99,4.99,2.74,3.96,4.18,4.07,4.30
4.99,4.99,4.80,4.99,4.99,4.99,4.99,4.99,4.99,4.99,4.99,3.10,3.70,3.69,3.98,3.80,4.52,4.99,4.89,4.99,4.99,4.44,4.99,4.99,4.99,4.99,4.99,2.72,3.96,4.18,4.07,4.31
4.99,4.99,4.81,4.99,4.99,4.99,4.99,4.99,4.99,4.99,4.99,3.07,3.70,3.69,3.99,3.81,4.52,4.99,4.89,4.99,4.99,4.44,4.99,4.99,4.99,4.99,4.99,2.72,3.94,4.19,4.07,4.31
4.99,4.99,4.80,4.99,4.99,4.99,4.99,4.99,4.99,4.99,4.99,3.07,3.72,3.69,3.99,3.81,4.53,4.99,4.89,4.99,4.99,4.44,4.99,4.99,4.99,4.99,4.99,2.71,3.93,4.19,4.06,4.31
4.99,4.99,4.81,4.99,4.99,4.99,4.99,4.99,4.99,4.99,4.99,3.06,3.72,3.69,3.99,3.80,4.53,4.99,4.90,4.99,4.99,4.44,4.99,4.99,4.99,4.99,4.99,2.70,3.92,4.17,4.07,4.31
4.99,4.99,4.81,4.99,4.99,4.99,4.99,4.99,4.99,4.99,4.99,3.06,3.72,3.69,3.98,3.80,4.52,4.99,4.99,4.99,4.99,4.44,4.99,4.99,4.99,4.99,4.99,2.71,3.92,4.17,4.06,4.30
4.99,4.99,4.81,4.99,4.99,4.99,4.99,4.99,4.99,4.99,4.99,3.05,3.71,3.69,3.98,3.80,4.52,4.99,4.90,4.99,4.99,4.44,4.99,4.99,4.99,4.99,4.99,2.70,3.94,4.17,4.06,4.30
4.99,4.99,4.80,4.99,4.99,4.99,4.99,4.99,4.99,4.99,4.99,3.05,3.72,3.69,3.98,3.80,4.53,4.99,4.89,4.99,4.99,4.44,4.99,4.99,4.99,4.99,4.99,2.72,3.94,4.17,4.06,4.30
4.99,4.99,4.83,4.99,4.99,4.99,4.99,4.99,4.99,4.99,4.99,3.04,3.69,3.68,3.98,3.80,4.53,4.99,4.99,4.99,4.99,4.44,4.99,4.99,4.99,4.99,4.99,2.72,3.91,4.17,4.06,4.30
4.99,4.99,4.84,4.99,4.99,4.99,4.99,4.99,4.99,4.99,4.99,3.03,3.69,3.68,3.98,3.80,4.53,4.99,4.89,4.99,4.99,4.44,4.99,4.99,4.99,4.99,4.99,2.71,3.91,4.16,4.06,4.31
4.99,4.99,4.82,4.99,4.99,4.99,4.99,4.99,4.99,4.99,4.99,3.03,3.68,3.68,3.98,3.81,4.53,4.99,4.90,4.99,4.99,4.44,4.99,4.99,4.99,4.99,4.99,2.70,3.90,4.17,4.07,4.30
4.99,4.99,4.80,4.99,4.99,4.99,4.99,4.99,4.99,4.99,4.99,3.05,3.67,3.67,3.97,3.79,4.53,4.99,4.90,4.99,4.99,4.44,4.99,4.99,4.99,4.99,4.99,2.70,3.89,4.17,4.06,4.30
4.99,4.99,4.81,4.99,4.99,4.99,4.99,4.99,4.99,4.99,4.99,3.04,3.66,3.67,3.97,3.80,4.52,4.99,4.90,4.99,4.99,4.44,4.99,4.99,4.99,4.99,4.99,2.69,3.88,4.17,4.07,4.29
4.99,4.99,4.81,4.99,4.99,4.99,4.99,4.99,4.99,4.99,4.99,3.03,3.67,3.67,3.97,3.80,4.52,4.99,4.90,4.99,4.99,4.44,4.99,4.99,4.99,4.99,4.99,2.68,3.87,4.18,4.07,4.30
4.99,4.99,4.81,4.99,4.99,4.99,4.99,4.99,4.99,4.99,4.99,3.03,3.67,3.66,3.96,3.80,4.53,4.99,4.89,4.99,4.99,4.44,4.99,4.99,4.99,4.99,4.99,2.67,3.85,4.17,4.07,4.30
4.99,4.99,4.82,4.99,4.99,4.99,4.99,4.99,4.99,4.99,4.99,3.04,3.66,3.66,3.96,3.79,4.53,4.99,4.89,4.99,4.99,4.44,4.99,4.99,4.99,4.99,4.99,2.67,3.85,4.17,4.06,4.30
4.99,4.99,4.85,4.99,4.99,4.99,4.99,4.99,4.99,4.99,4.99,3.02,3.65,3.66,3.96,3.79,4.53,4.99,4.90,4.99,4.99,4.44,4.99,4.99,4.99,4.99,4.99,2.67,3.87,4.16,4.06,4.29
4.99,4.99,4.86,4.99,4.99,4.99,4.99,4.99,4.99,4.99,4.99,3.02,3.65,3.67,3.96,3.79,4.52,4.99,4.89,4.99,4.99,4.44,4.99,4.99,4.99,4.99,4.99,2.68,3.87,4.16,4.06,4.29
4.99,4.99,4.82,4.99,4.99,4.99,4.99,4.99,4.99,4.99,4.99,3.02,3.66,3.66,3.96,3.79,4.52,4.99,4.90,4.99,4.99,4.44,4.99,4.99,4.99,4.99,4.99,2.69,3.87,4.17,4.05,4.30
4.99,4.99,4.82,4.99,4.99,4.99,4.99,4.99,4.99,4.99,4.99,3.02,3.67,3.66,3.96,3.79,4.53,4.99,4.89,4.99,4.99,4.44,4.99,4.99,4.99,4.99,4.99,2.69,3.88,4.17,4.05,4.29
4.99,4.99,4.99,4.99,4.99,4.99,4.99,4.99,4.99,4.99,4.99,2.69,3.64,4.12,4.27,4.37,4.79,4.99,4.99,4.99,4.99,4.70,4.99,4.99,4.99,4.99,4.99,2.62,4.05,4.33,4.09,4.69,16,2019-12-16
4.99,4.99,4.99,4.99,4.99,4.99,4.99,4.99,4.99,4.99,4.99,2.68,3.59,4.10,4.25,4.35,4.78,4.99,4.99,4.99,4.99,4.70,4.99,4.99,4.99,4.99,4.99,2.61,4.05,4.31,4.10,4.69
4.99,4.99,4.99,4.99,4.99,4.99,4.99,4.99,4.99,4.99,4.99,2.68,3.61,4.10,4.25,4.34,4.78,4.99,4.99,4.99,4.99,4.69,4.99,4.99,4.99,4.99,4.99,2.63,4.04,4.32,4.08,4.67
4.99,4.99,4.99,4.99,4.99,4.99,4.99,4.99,4.99,4.99,4.99,2.66,3.61,4.08,4.24,4.33,4.78,4.99,4.99,4.99,4.99,4.70,4.99,4.99,4.99,4.99,4.99,2.62,4.01,4.31,4.08,4.69
4.99,4.99,4.99,4.99,4.99,4.99,4.99,4.99,4.99,4.99,4.99,2.66,3.62,4.09,4.24,4.33,4.78,4.99,4.99,4.99,4.99,4.69,4.99,4.99,4.99,4.99,4.99,2.62,4.00,4.30,4.06,4.69
4.99,4.99,4.99,4.99,4.99,4.99,4.99,4.99,4.99,4.99,4.99,2.64,3.61,4.09,4.23,4.33,4.77,4.99,4.99,4.99,4.99,4.69,4.99,4.99,4.99,4.99,4.99,2.63,3.99,4.32,4.08,4.69
4.99,4.99,4.99,4.99,4.99,4.99,4.99,4.99,4.99,4.99,4.99,2.63,3.70,4.09,4.24,4.34,4.78,4.99,4.99,4.99,4.99,4.70,4.99,4.99,4.99,4.99,4.99,2.64,3.97,4.34,4.06,4.69
4.99,4.99,4.99,4.99,4.99,4.99,4.99,4.99,4.99,4.99,4.99,2.65,3.67,4.09,4.25,4.34,4.78,4.99,4.99,4.99,4.99,4.70,4.99,4.99,4.99,4.99,4.99,2.63,3.95,4.34,4.06,4.69
4.99,4.99,4.99,4.99,4.99,4.99,4.99,4.99,4.99,4.99,4.99,2.64,3.66,4.08,4.25,4.35,4.78,4.99,4.99,4.99,4.99,4.70,4.99,4.99,4.99,4.99,4.99,2.63,3.94,4.34,4.05,4.69
4.99,4.99,4.99,4.99,4.99,4.99,4.99,4.99,4.99,4.99,4.99,2.64,3.67,4.08,4.24,4.35,4.78,4.99,4.99,4.99,4.99,4.70,4.99,4.99,4.99,4.99,4.99,2.63,3.92,4.33,4.05,4.69
4.99,4.99,4.99,4.99,4.99,4.99,4.99,4.99,4.99,4.99,4.99,2.63,3.63,4.08,4.24,4.33,4.78,4.99,4.99,4.99,4.99,4.70,4.99,4.99,4.99,4.99,4.99,2.64,3.93,4.30,4.05,4.69
4.99,4.99,4.99,4.99,4.99,4.99,4.99,4.99,4.99,4.99,4.99,2.61,3.60,4.08,4.25,4.32,4.78,4.99,4.99,4.99,4.99,4.70,4.99,4.99,4.99,4.99,4.99,2.63,3.92,4.30,4.07,4.69
4.99,4.99,4.99,4.99,4.99,4.99,4.99,4.99,4.99,4.99,4.99,2.62,3.60,4.08,4.24,4.32,4.78,4.99,4.99,4.99,4.99,4.69,4.99,4.99,4.99,4.99,4.99,2.63,3.91,4.31,4.07,4.69
4.99,4.99,4.99,4.99,4.99,4.99,4.99,4.99,4.99,4.99,4.99,2.62,3.61,4.08,4.24,4.32,4.78,4.99,4.99,4.99,4.99,4.69,4.99,4.99,4.99,4.99,4.99,2.61,3.91,4.30,4.09,4.69
4.99,4.99,4.99,4.99,4.99,4.99,4.99,4.99,4.99,4.99,4.99,2.63,3.60,4.08,4.24,4.33,4.77,4.99,4.99,4.99,4.99,4.69,4.99,4.99,4.99,4.99,4.99,2.61,3.91,4.30,4.08,4.69
4.99,4.99,4.99,4.99,4.99,4.99,4.99,4.99,4.99,4.99,4.99,2.63,3.59,4.08,4.24,4.33,4.77,4.99,4.99,4.99,4.99,4.70,4.99,4.99,4.99,4.99,4.99,2.60,3.92,4.30,4.09,4.68
4.99,4.99,4.99,4.99,4.99,4.99,4.99,4.99,4.99,4.99,4.99,2.63,3.61,4.08,4.24,4.34,4.78,4.99,4.99,4.99,4.99,4.69,4.99,4.99,4.99,4.99,4.99,2.61,3.93,4.30,4.08,4.67
4.99,4.99,4.99,4.99,4.99,4.99,4.99,4.99,4.99,4.99,4.99,2.66,3.59,4.09,4.23,4.38,4.78,4.99,4.99,4.99,4.99,4.68,4.99,4.99,4.99,4.99,4.99,2.59,3.93,4.30,4.07,4.67
4.99,4.99,4.99,4.99,4.99,4.99,4.99,4.99,4.99,4.99,4.99,2.66,3.56,4.10,4.24,4.33,4.78,4.99,4.99,4.99,4.99,4.70,4.99,4.99,4.99,4.99,4.99,2.59,3.95,4.30,4.06,4.68
4.99,4.99,4.99,4.99,4.99,4.99,4.99,4.99,4.99,4.99,4.99,2.65,3.57,4.09,4.25,4.33,4.78,4.99,4.99,4.99,4.99,4.70,4.99,4.99,4.99,4.99,4.99,2.59,3.96,4.30,4.06,4.68
4.99,4.99,4.99,4.99,4.99,4.99,4.99,4.99,4.99,4.99,4.99,2.65,3.55,4.09,4.25,4.34,4.78,4.99,4.99,4.99,4.99,4.70,4.99,4.99,4.99,4.99,4.99,2.59,3.96,4.29,4.06,4.68
4.99,4.99,4.99,4.99,4.99,4.99,4.99,4.99,4.99,4.99,4.99,2.65,3.57,4.10,4.27,4.34,4.78,4.99,4.99,4.99,4.99,4.70,4.99,4.99,4.99,4.99,4.99,2.58,3.97,4.30,4.06,4.69
4.99,4.99,4.99,4.99,4.99,4.99,4.99,4.99,4.99,4.99,4.99,2.66,3.56,4.11,4.27,4.34,4.78,4.99,4.99,4.99,4.99,4.69,4.99,4.99,4.99,4.99,4.99,2.58,3.96,4.30,4.07,4.68
4.99,4.99,4.99,4.99,4.99,4.99,4.99,4.99,4.99,4.99,4.99,2.66,3.55,4.10,4.25,4.34,4.78,4.99,4.99,4.99,4.99,4.69,4.99,4.99,4.99,4.99,4.99,2.57,3.96,4.30,4.05,4.68
4.99,4.99,4.99,4.99,4.99,4.99,4.99,4.99,4.99,4.99,4.99,2.66,3.57,4.11,4.27,4.35,4.78,4.99,4.99,4.99,4.99,4.70,4.99,4.99,4.99,4.99,4.99,2.57,3.94,4.30,4.06,4.69
4.99,4.99,4.99,4.99,4.99,4.99,4.99,4.99,4.99,4.99,4.99,2.65,3.55,4.10,4.28,4.41,4.78,4.99,4.99,4.99,4.99,4.69,4.99,4.99,4.99,4.99,4.99,2.57,3.95,4.30,4.05,4.69
4.99,4.99,4.99,4.99,4.99,4.99,4.99,4.99,4.99,4.99,4.99,2.65,3.54,4.10,4.28,4.35,4.78,4.99,4.99,4.99,4.99,4.69,4.99,4.99,4.99,4.99,4.99,2.57,3.94,4.29,4.05,4.69
4.99,4.99,4.99,4.99,4.99,4.99,4.99,4.99,4.99,4.99,4.99,2.65,3.55,4.10,4.29,4.37,4.78,4.99,4.99,4.99,4.99,4.68,4.99,4.99,4.99,4.99,4.99,2.58,3.92,4.29,4.06,4.70
4.99,4.99,4.99,4.99,4.99,4.99,4.99,4.99,4.99,4.99,4.99,2.64,3.54,4.09,4.28,4.37,4.78,4.99,4.99,4.99,4.99,4.68,4.99,4.99,4.99,4.99,4.99,2.58,3.92,4.29,4.06,4.69
4.99,4.99,4.99,4.99,4.99,4.99,4.99,4.99,4.99,4.99,4.99,2.64,3.55,4.10,4.28,4.38,4.77,4.99,4.99,4.99,4.99,4.68,4.99,4.99,4.99,4.99,4.99,2.58,3.91,4.29,4.09,4.70
4.99,4.99,4.99,4.99,4.99,4.99,4.99,4.99,4.99,4.99,4.99,2.64,3.55,4.11,4.28,4.43,4.78,4.99,4.99,4.99,4.99,4.68,4.99,4.99,4.99,4.99,4.99,2.59,3.90,4.29,4.08,4.70
4.99,4.99,4.99,4.99,4.99,4.99,4.99,4.99,4.99,4.99,4.99,2.64,3.58,4.11,4.29,4.42,4.78,4.99,4.99,4.99,4.99,4.68,4.99,4.99,4.99,4.99,4.99,2.57,3.89,4.29,4.07,4.70
4.99,4.99,4.99,4.99,4.99,4.99,4.99,4.99,4.99,4.99,4.99,2.64,3.59,4.11,4.32,4.42,4.77,4.99,4.99,4.99,4.99,4.69,4.99,4.99,4.99,4.99,4.99,2.57,3.88,4.29,4.07,4.70
4.99,4.99,4.99,4.99,4.99,4.99,4.99,4.99,4.99,4.99,4.99,2.64,3.58,4.10,4.29,4.42,4.77,4.99,4.99,4.99,4.99,4.69,4.99,4.99,4.99,4.99,4.99,2.57,3.88,4.29,4.07,4.69
4.99,4.99,4.99,4.99,4.99,4.99,4.99,4.99,4.99,4.99,4.99,2.64,3.58,4.08,4.29,4.42,4.77,4.99,4.99,4.99,4.99,4.69,4.99,4.99,4.99,4.99,4.99,2.56,3.88,4.30,4.04,4.69
4.99,4.99,4.99,4.99,4.99,4.99,4.99,4.99,4.99,4.99,4.99,2.63,3.58,4.10,4.30,4.42,4.77,4.99,4.99,4.99,4.99,4.70,4.99,4.99,4.99,4.99,4.99,2.56,3.88,4.31,4.05,4.70
4.99,4.99,4.99,4.99,4.99,4.99,4.99,4.99,4.99,4.99,4.99,2.63,3.59,4.10,4.30,4.44,4.77,4.99,4.99,4.99,4.99,4.69,4.99,4.99,4.99,4.99,4.99,2.56,3.90,4.32,4.05,4.70
4.99,4.99,4.99,4.99,4.99,4.99,4.99,4.99,4.99,4.99,4.99,2.63,3.58,4.10,4.30,4.44,4.76,4.99,4.99,4.99,4.99,4.69,4.99,4.99,4.99,4.99,4.99,2.56,3.88,4.32,4.05,4.70
4.99,4.99,4.99,4.99,4.99,4.99,4.99,4.99,4.99,4.99,4.99,2.61,3.59,4.10,4.30,4.44,4.76,4.99,4.99,4.99,4.99,4.70,4.99,4.99,4.99,4.99,4.99,2.55,3.91,4.31,4.05,4.71
4.99,4.99,4.99,4.99,4.99,4.99,4.99,4.99,4.99,4.99,4.99,2.61,3.56,4.11,4.30,4.41,4.77,4.99,4.99,4.99,4.99,4.69,4.99,4.99,4.99,4.99,4.99,2.55,3.91,4.31,4.05,4.71
4.99,4.99,4.99,4.99,4.99,4.99,4.99,4.99,4.99,4.99,4.99,2.60,3.56,4.10,4.30,4.44,4.76,4.99,4.99,4.99,4.99,4.70,4.99,4.99,4.99,4.99,4.99,2.55,3.90,4.32,4.05,4.70
4.99,4.99,4.99,4.99,4.99,4.99,4.99,4.99,4.99,4.99,4.99,2.60,3.56,4.10,4.31,4.44,4.76,4.99,4.99,4.99,4.99,4.70,4.99,4.99,4.99,4.99,4.99,2.55,3.88,4.31,4.04,4.70
4.99,4.99,4.99,4.99,4.99,4.99,4.99,4.99,4.99,4.99,4.99,2.60,3.56,4.10,4.31,4.44,4.76,4.99,4.99,4.99,4.99,4.70,4.99,4.99,4.99,4.99,4.99,2.55,3.88,4.32,4.04,4.70
4.99,4.99,4.99,4.99,4.99,4.99,4.99,4.99,4.99,4.99,4.99,2.60,3.54,4.10,4.33,4.45,4.76,4.99,4.99,4.99,4.99,4.70,4.99,4.99,4.99,4.99,4.99,2.55,3.86,4.32,4.04,4.70
4.99,4.99,4.99,4.99,4.99,4.99,4.99,4.99,4.99,4.99,4.99,2.59,3.56,4.10,4.33,4.44,4.77,4.99,4.99,4.99,4.99,4.70,4.99,4.99,4.99,4.99,4.99,2.55,3.86,4.31,4.04,4.70
4.99,4.99,4.99,4.99,4.99,4.99,4.99,4.99,4.99,4.99,4.99,2.60,3.56,4.10,4.32,4.44,4.76,4.99,4.99,4.99,4.99,4.70,4.99,4.99,4.99,4.99,4.99,2.55,3.85,4.31,4.04,4.70
4.99,4.99,4.99,4.99,4.99,4.99,4.99,4.99,4.99,4.99,4.99,2.60,3.57,4.10,4.32,4.43,4.76,4.99,4.99,4.99,4.99,4.70,4.99,4.99,4.99,4.99,4.99,2.55,3.85,4.32,4.04,4.70
4.99,4.99,4.99,4.99,4.99,4.99,4.99,4.99,4.99,4.99,4.99,2.60,3.57,4.09,4.32,4.43,4.76,4.99,4.99,4.99,4.99,4.70,4.99,4.99,4.99,4.99,4.99,2.55,3.85,4.32,4.04,4.70
4.99,4.99,4.99,4.99,4.99,4.99,4.99,4.99,4.99,4.99,4.99,2.60,3.59,4.09,4.33,4.43,4.76,4.99,4.99,4.99,4.99,4.69,4.99,4.99,4.99,4.99,4.99,2.55,3.84,4.32,4.03,4.69
4.99,4.99,4.99,4.99,4.99,4.99,4.99,4.99,4.99,4.99,4.99,2.60,3.58,4.09,4.31,4.43,4.76,4.99,4.99,4.99,4.99,4.69,4.99,4.99,4.99,4.99,4.99,2.55,3.84,4.32,4.05,4.70
4.99,4.99,4.99,4.99,4.99,4.99,4.99,4.99,4.99,4.99,4.99,2.60,3.56,4.09,4.33,4.44,4.76,4.99,4.99,4.99,4.99,4.69,4.99,4.99,4.99,4.99,4.99,2.55,3.86,4.33,4.06,4.71
4.99,4.99,4.99,4.99,4.99,4.99,4.99,4.99,4.99,4.99,4.99,2.60,3.58,4.10,4.32,4.43,4.76,4.99,4.99,4.99,4.99,4.70,4.99,4.99,4.99,4.99,4.99,2.55,3.89,4.33,4.04,4.71
4.99,4.99,4.99,4.99,4.99,4.99,4.99,4.99,4.99,4.99,4.99,2.60,3.59,4.11,4.33,4.44,4.76,4.99,4.99,4.99,4.99,4.69,4.99,4.99,4.99,4.99,4.99,2.56,3.89,4.33,4.03,4.71
4.99,4.99,4.99,4.99,4.99,4.99,4.99,4.99,4.99,4.99,4.99,2.59,3.59,4.12,4.33,4.44,4.76,4.99,4.99,4.99,4.99,4.70,4.99,4.99,4.99,4.99,4.99,2.56,3.88,4.33,4.02,4.71
4.99,4.99,4.99,4.99,4.99,4.99,4.99,4.99,4.99,4.99,4.99,2.59,3.59,4.12,4.33,4.43,4.76,4.99,4.99,4.99,4.99,4.70,4.99,4.99,4.99,4.99,4.99,2.56,3.88,4.33,4.02,4.72
4.99,4.99,4.99,4.99,4.99,4.99,4.99,4.99,4.99,4.99,4.99,2.85,3.83,4.03,4.12,3.77,4.61,4.99,4.87,4.99,4.99,4.49,4.99,4.99,4.99,4.99,4.99,2.65,4.14,4.11,4.08,4.43,17,2019-12-17
4.99,4.99,4.99,4.99,4.99,4.99,4.99,4.99,4.99,4.99,4.99,2.94,3.87,4.00,4.12,3.76,4.62,4.99,4.87,4.99,4.99,4.49,4.99,4.99,4.99,4.99,4.99,2.66,4.11,4.12,4.09,4.42
4.99,4.99,4.99,4.99,4.99,4.99,4.99,4.99,4.99,4.99,4.99,3.00,3.85,3.98,4.14,3.75,4.67,4.99,4.87,4.99,4.99,4.48,4.99,4.99,4.99,4.99,4.99,2.71,4.10,4.17,4.08,4.42
4.99,4.99,4.99,4.99,4.99,4.99,4.99,4.99,4.99,4.99,4.99,2.98,3.82,4.00,4.15,3.75,4.67,4.99,4.88,4.99,4.99,4.47,4.99,4.99,4.99,4.99,4.99,2.66,4.04,4.17,4.09,4.44
4.99,4.99,4.99,4.99,4.99,4.99,4.99,4.99,4.99,4.99,4.99,2.96,3.83,4.04,4.17,3.79,4.67,4.99,4.88,4.99,4.99,4.48,4.99,4.99,4.99,4.99,4.99,2.65,4.02,4.20,4.07,4.44
4.99,4.99,4.99,4.99,4.99,4.99,4.99,4.99,4.99,4.99,4.99,3.01,3.81,4.02,4.15,3.79,4.67,4.99,4.87,4.99,4.99,4.47,4.99,4.99,4.99,4.99,4.99,2.67,4.07,4.17,4.06,4.43
4.99,4.99,4.99,4.99,4.99,4.99,4.99,4.99,4.99,4.99,4.99,2.97,3.82,4.03,4.14,3.77,4.66,4.99,4.87,4.99,4.99,4.47,4.99,4.99,4.99,4.99,4.99,2.66,4.08,4.17,4.07,4.42
4.99,4.99,4.99,4.99,4.99,4.99,4.99,4.99,4.99,4.99,4.99,2.98,3.84,4.02,4.14,3.77,4.67,4.99,4.87,4.99,4.99,4.47,4.99,4.99,4.99,4.99,4.99,2.70,4.10,4.17,4.06,4.41
4.99,4.99,4.99,4.99,4.99,4.99,4.99,4.99,4.99,4.99,4.99,2.99,3.82,4.01,4.13,3.77,4.65,4.99,4.86,4.99,4.99,4.46,4.99,4.99,4.99,4.99,4.99,2.66,4.07,4.16,4.05,4.42
4.99,4.99,4.99,4.99,4.99,4.99,4.99,4.99,4.99,4.99,4.99,3.00,3.83,3.98,4.13,3.76,4.66,4.99,4.87,4.99,4.99,4.47,4.99,4.99,4.99,4.99,4.99,2.64,4.04,4.16,4.05,4.41
4.99,4.99,4.99,4.99,4.99,4.99,4.99,4.99,4.99,4.99,4.99,2.99,3.78,3.98,4.12,3.77,4.68,4.99,4.87,4.99,4.99,4.47,4.99,4.99,4.99,4.99,4.99,2.65,4.07,4.13,4.04,4.41
4.99,4.99,4.99,4.99,4.99,4.99,4.99,4.99,4.99,4.99,4.99,2.95,3.81,3.98,4.12,3.77,4.67,4.99,4.87,4.99,4.99,4.47,4.99,4.99,4.99,4.99,4.99,2.65,4.03,4.11,4.03,4.41
4.99,4.99,4.99,4.99,4.99,4.99,4.99,4.99,4.99,4.99,4.99,2.95,3.85,3.98,4.13,3.76,4.67,4.99,4.87,4.99,4.99,4.46,4.99,4.99,4.99,4.99,4.99,2.65,3.99,4.13,4.03,4.41
4.99,4.99,4.99,4.99,4.99,4.99,4.99,4.99,4.99,4.99,4.99,2.94,3.83,4.00,4.13,3.76,4.67,4.99,4.87,4.99,4.99,4.46,4.99,4.99,4.99,4.99,4.99,2.65,4.00,4.12,4.03,4.40
4.99,4.99,4.99,4.99,4.99,4.99,4.99,4.99,4.99,4.99,4.99,2.94,3.83,3.99,4.12,3.76,4.66,4.99,4.87,4.99,4.99,4.46,4.99,4.99,4.99,4.99,4.99,2.63,3.99,4.12,4.03,4.40
4.99,4.99,4.99,4.99,4.99,4.99,4.99,4.99,4.99,4.99,4.99,2.96,3.82,3.98,4.12,3.76,4.66,4.99,4.87,4.99,4.99,4.47,4.99,4.99,4.99,4.99,4.99,2.64,3.99,4.13,4.03,4.40
4.99,4.99,4.99,4.99,4.99,4.99,4.99,4.99,4.99,4.99,4.99,2.95,3.82,3.97,4.11,3.76,4.66,4.99,4.87,4.99,4.99,4.48,4.99,4.99,4.99,4.99,4.99,2.64,4.00,4.12,4.03,4.40
4.99,4.99,4.99,4.99,4.99,4.99,4.99,4.99,4.99,4.99,4.99,2.93,3.81,3.97,4.11,3.76,4.67,4.99,4.87,4.99,4.99,4.48,4.99,4.99,4.99,4.99,4.99,2.63,3.99,4.13,4.04,4.40
4.99,4.99,4.99,4.99,4.99,4.99,4.99,4.99,4.99,4.99,4.99,2.95,3.81,3.97,4.11,3.75,4.66,4.99,4.87,4.99,4.99,4.48,4.99,4.99,4.99,4.99,4.99,2.61,3.99,4.13,4.04,4.41
4.99,4.99,4.99,4.99,4.99,4.99,4.99,4.99,4.99,4.99,4.99,2.92,3.80,3.97,4.11,3.76,4.66,4.99,4.87,4.99,4.99,4.47,4.99,4.99,4.99,4.99,4.99,2.62,3.99,4.13,4.03,4.41
4.99,4.99,4.99,4.99,4.99,4.99,4.99,4.99,4.99,4.99,4.99,2.90,3.81,3.98,4.12,3.78,4.66,4.99,4.86,4.99,4.99,4.47,4.99,4.99,4.99,4.99,4.99,2.67,4.00,4.14,4.01,4.41
4.99,4.99,4.99,4.99,4.99,4.99,4.99,4.99,4.99,4.99,4.99,2.90,3.83,3.97,4.11,3.77,4.66,4.99,4.87,4.99,4.99,4.47,4.99,4.99,4.99,4.99,4.99,2.68,4.04,4.14,4.02,4.41
4.99,4.99,4.99,4.99,4.99,4.99,4.99,4.99,4.99,4.99,4.99,2.89,3.81,3.97,4.11,3.78,4.65,4.99,4.87,4.99,4.99,4.50,4.99,4.99,4.99,4.99,4.99,2.66,3.99,4.15,4.04,4.41
4.99,4.99,4.99,4.99,4.99,4.99,4.99,4.99,4.99,4.99,4.99,2.94,3.84,3.97,4.11,3.77,4.65,4.99,4.87,4.99,4.99,4.51,4.99,4.99,4.99,4.99,4.99,2.67,3.98,4.16,4.03,4.41
4.99,4.99,4.99,4.99,4.99,4.99,4.99,4.99,4.99,4.99,4.99,2.97,3.87,3.96,4.10,3.76,4.66,4.99,4.87,4.99,4.99,4.51,4.99,4.99,4.99,4.99,4.99,2.66,3.97,4.16,4.04,4.41
4.99,4.99,4.99,4.99,4.99,4.99,4.99,4.99,4.99,4.99,4.99,2.95,3.85,3.96,4.10,3.77,4.66,4.99,4.87,4.99,4.99,4.52,4.99,4.99,4.99,4.99,4.99,2.65,3.95,4.17,4.04,4.41
4.99,4.99,4.99,4.99,4.99,4.99,4.99,4.99,4.99,4.99,4.99,2.94,3.85,3.95,4.09,3.76,4.65,4.99,4.87,4.99,4.99,4.51,4.99,4.99,4.99,4.99,4.99,2.65,3.95,4.17,4.03,4.40
4.99,4.99,4.99,4.99,4.99,4.99,4.99,4.99,4.99,4.99,4.99,2.94,3.84,3.95,4.10,3.77,4.64,4.99,4.86,4.99,4.99,4.52,4.99,4.99,4.99,4.99,4.99,2.64,3.93,4.16,4.03,4.40
4.99,4.99,4.99,4.99,4.99,4.99,4.99,4.99,4.99,4.99,4.99,2.93,3.81,3.95,4.09,3.76,4.65,4.99,4.86,4.99,4.99,4.51,4.99,4.99,4.99,4.99,4.99,2.63,3.94,4.16,4.03,4.40
4.99,4.99,4.99,4.99,4.99,4.99,4.99,4.99,4.99,4.99,4.99,2.90,3.77,3.94,4.09,3.76,4.66,4.99,4.87,4.99,4.99,4.51,4.99,4.99,4.99,4.99,4.99,2.63,3.95,4.16,4.01,4.40
4.99,4.99,4.99,4.99,4.99,4.99,4.99,4.99,4.99,4.99,4.99,2.89,3.75,3.94,4.09,3.75,4.65,4.99,4.86,4.99,4.99,4.51,4.99,4.99,4.99,4.99,4.99,2.67,4.03,4.15,4.01,4.40
4.99,4.99,4.99,4.99,4.99,4.99,4.99,4.99,4.99,4.99,4.99,2.88,3.73,3.94,4.09,3.75,4.64,4.99,4.86,4.99,4.99,4.49,4.99,4.99,4.99,4.99,4.99,2.68,4.04,4.15,4.01,4.40
4.99,4.99,4.99,4.99,4.99,4.99,4.99,4.99,4.99,4.99,4.99,2.87,3.74,3.93,4.09,3.74,4.64,4.99,4.87,4.99,4.99,4.49,4.99,4.99,4.99,4.99,4.99,2.67,4.03,4.14,4.01,4.40
4.99,4.99,4.99,4.99,4.99,4.99,4.99,4.99,4.99,4.99,4.99,2.87,3.74,3.93,4.09,3.75,4.64,4.99,4.86,4.99,4.99,4.49,4.99,4.99,4.99,4.99,4.99,2.66,3.98,4.14,4.01,4.40
4.99,4.99,4.99,4.99,4.99,4.99,4.99,4.99,4.99,4.99,4.99,2.87,3.73,3.93,4.10,3.75,4.64,4.99,4.86,4.99,4.99,4.49,4.99,4.99,4.99,4.99,4.99,2.65,3.99,4.14,4.02,4.40
4.99,4.99,4.99,4.99,4.99,4.99,4.99,4.99,4.99,4.99,4.99,2.87,3.75,3.93,4.08,3.74,4.64,4.99,4.86,4.99,4.99,4.49,4.99,4.99,4.99,4.99,4.99,2.64,3.98,4.14,4.02,4.40
4.99,4.99,4.99,4.99,4.99,4.99,4.99,4.99,4.99,4.99,4.99,2.88,3.76,3.94,4.08,3.75,4.64,4.99,4.86,4.99,4.99,4.49,4.99,4.99,4.99,4.99,4.99,2.63,3.98,4.15,4.02,4.40
4.99,4.99,4.99,4.99,4.99,4.99,4.99,4.99,4.99,4.99,4.99,2.85,3.75,3.93,4.09,3.75,4.64,4.99,4.86,4.99,4.99,4.49,4.99,4.99,4.99,4.99,4.99,2.64,3.98,4.14,4.01,4.40
4.99,4.99,4.99,4.99,4.99,4.99,4.99,4.99,4.99,4.99,4.99,2.84,3.77,3.93,4.09,3.75,4.64,4.99,4.86,4.99,4.99,4.49,4.99,4.99,4.99,4.99,4.99,2.65,3.97,4.14,4.01,4.40
4.99,4.99,4.99,4.99,4.99,4.99,4.99,4.99,4.99,4.99,4.99,2.85,3.79,3.92,4.10,3.75,4.64,4.99,4.86,4.99,4.99,4.51,4.99,4.99,4.99,4.99,4.99,2.65,3.97,4.14,4.02,4.40
4.99,4.99,4.99,4.99,4.99,4.99,4.99,4.99,4.99,4.99,4.99,2.86,3.79,3.93,4.10,3.75,4.64,4.99,4.86,4.99,4.99,4.51,4.99,4.99,4.99,4.99,4.99,2.63,3.97,4.13,4.02,4.40
4.99,4.99,4.99,4.99,4.99,4.99,4.99,4.99,4.99,4.99,4.99,2.87,3.79,3.93,4.10,3.75,4.65,4.99,4.86,4.99,4.99,4.51,4.99,4.99,4.99,4.99,4.99,2.62,3.96,4.13,4.02,4.40
4.99,4.99,4.99,4.99,4.99,4.99,4.99,4.99,4.99,4.99,4.99,2.85,3.80,3.93,4.09,3.75,4.64,4.99,4.86,4.99,4.99,4.51,4.99,4.99,4.99,4.99,4.99,2.62,3.96,4.14,4.01,4.40
4.99,4.99,4.99,4.99,4.99,4.99,4.99,4.99,4.99,4.99,4.99,2.87,3.79,3.93,4.09,3.75,4.64,4.99,4.87,4.99,4.99,4.51,4.99,4.99,4.99,4.99,4.99,2.61,3.96,4.15,4.02,4.40
4.99,4.99,4.99,4.99,4.99,4.99,4.99,4.99,4.99,4.99,4.99,2.85,3.77,3.93,4.09,3.75,4.64,4.99,4.86,4.99,4.99,4.50,4.99,4.99,4.99,4.99,4.99,2.60,3.96,4.14,4.02,4.40
4.99,4.99,4.99,4.99,4.99,4.99,4.99,4.99,4.99,4.99,4.99,2.85,3.77,3.93,4.10,3.75,4.64,4.99,4.86,4.99,4.99,4.50,4.99,4.99,4.99,4.99,4.99,2.59,3.95,4.14,4.02,4.40
4.99,4.99,4.99,4.99,4.99,4.99,4.99,4.99,4.99,4.99,4.99,2.86,3.77,3.93,4.09,3.75,4.64,4.99,4.86,4.99,4.99,4.50,4.99,4.99,4.99,4.99,4.99,2.58,3.95,4.14,4.02,4.40
4.99,4.99,4.99,4.99,4.99,4.99,4.99,4.99,4.99,4.99,4.99,2.87,3.79,3.93,4.09,3.75,4.64,4.99,4.87,4.99,4.99,4.50,4.99,4.99,4.99,4.99,4.99,2.58,3.95,4.14,4.01,4.40
4.99,4.99,4.99,4.99,4.99,4.99,4.99,4.99,4.99,4.99,4.99,2.87,3.80,3.93,4.09,3.75,4.63,4.99,4.86,4.99,4.99,4.50,4.99,4.99,4.99,4.99,4.99,2.58,3.94,4.14,4.01,4.40
4.99,4.99,4.99,4.99,4.99,4.99,4.99,4.99,4.99,4.99,4.99,2.85,3.78,3.93,4.09,3.74,4.63,4.99,4.86,4.99,4.99,4.50,4.99,4.99,4.99,4.99,4.99,2.60,3.97,4.14,4.01,4.39
4.99,4.99,4.99,4.99,4.99,4.99,4.99,4.99,4.99,4.99,4.99,2.84,3.77,3.94,4.10,3.75,4.63,4.99,4.87,4.99,4.99,4.49,4.99,4.99,4.99,4.99,4.99,2.59,3.95,4.14,4.01,4.39
4.99,4.99,4.99,4.99,4.99,4.99,4.99,4.99,4.99,4.99,4.99,2.84,3.78,3.93,4.09,3.75,4.63,4.99,4.86,4.99,4.99,4.50,4.99,4.99,4.99,4.99,4.99,2.59,3.95,4.14,4.01,4.39
4.99,4.99,4.99,4.99,4.99,4.99,4.99,4.99,4.99,4.99,4.99,2.83,3.77,3.93,4.09,3.74,4.63,4.99,4.86,4.99,4.99,4.50,4.99,4.99,4.99,4.99,4.99,2.58,3.93,4.15,4.01,4.39
4.99,4.99,4.99,4.99,4.99,4.99,4.99,4.99,4.99,4.99,4.99,2.83,3.79,3.93,4.09,3.74,4.62,4.99,4.86,4.99,4.99,4.50,4.99,4.99,4.99,4.99,4.99,2.59,3.90,4.14,4.01,4.39
4.99,4.99,4.99,4.99,4.99,4.99,4.99,4.99,4.99,4.99,4.99,2.82,3.79,3.93,4.10,3.74,4.62,4.99,4.86,4.99,4.99,4.50,4.99,4.99,4.99,4.99,4.99,2.60,3.85,4.15,4.02,4.39
4.99,4.99,4.99,4.99,4.99,4.99,4.99,4.99,4.99,4.99,4.99,2.81,3.77,3.92,4.10,3.74,4.62,4.99,4.86,4.99,4.99,4.50,4.99,4.99,4.99,4.99,4.99,2.61,3.80,4.14,4.00,4.39
4.99,4.99,4.99,4.99,4.99,4.99,4.99,4.99,4.99,4.99,4.99,2.82,3.77,3.92,4.09,3.74,4.62,4.99,4.86,4.99,4.99,4.50,4.99,4.99,4.99,4.99,4.99,2.61,3.80,4.13,4.00,4.39
4.99,4.99,4.99,4.99,4.99,4.99,4.99,4.99,4.99,4.99,4.99,2.81,3.74,3.93,4.10,3.74,4.62,4.99,4.86,4.99,4.99,4.49,4.99,4.99,4.99,4.99,4.99,2.61,3.81,4.13,4.00,4.39
4.99,4.99,4.99,4.99,4.99,4.99,4.99,4.99,4.99,4.99,4.99,2.81,3.73,3.93,4.09,3.74,4.62,4.99,4.87,4.99,4.99,4.49,4.99,4.99,4.99,4.99,4.99,2.64,3.83,4.14,4.00,4.39
4.99,4.99,4.99,4.99,4.99,4.99,4.99,4.99,4.99,4.99,4.99,2.81,3.72,3.93,4.09,3.74,4.62,4.99,4.86,4.99,4.99,4.49,4.99,4.99,4.99,4.99,4.99,2.63,3.85,4.14,4.00,4.39
4.99,4.99,4.99,4.99,4.99,4.99,4.99,4.99,4.99,4.99,4.99,2.81,3.71,3.93,4.10,3.74,4.62,4.99,4.87,4.99,4.99,4.49,4.99,4.99,4.99,4.99,4.99,2.62,3.82,4.15,4.02,4.39
4.99,4.99,4.99,4.99,4.99,4.99,4.99,4.99,4.99,4.99,4.99,2.74,3.45,3.98,4.26,4.33,4.86,4.99,4.99,4.99,4.99,4.99,4.99,4.99,4.99,4.99,4.99,2.58,3.92,4.35,4.09,4.62,18,2019-12-17
4.99,4.99,4.99,4.99,4.99,4.99,4.99,4.99,4.99,4.99,4.99,2.73,3.48,3.98,4.25,4.32,4.87,4.99,4.99,4.99,4.99,4.99,4.99,4.99,4.99,4.99,4.99,2.58,3.90,4.35,4.09,4.62
4.99,4.99,4.99,4.99,4.99,4.99,4.99,4.99,4.99,4.99,4.99,2.73,3.55,3.97,4.26,4.32,4.86,4.99,4.99,4.99,4.99,4.99,4.99,4.99,4.99,4.99,4.99,2.58,3.90,4.35,4.08,4.61
4.99,4.99,4.99,4.99,4.99,4.99,4.99,4.99,4.99,4.99,4.99,2.73,3.55,4.00,4.26,4.34,4.87,4.99,4.99,4.99,4.99,4.99,4.99,4.99,4.99,4.99,4.99,2.60,3.88,4.34,4.08,4.62
4.99,4.99,4.99,4.99,4.99,4.99,4.99,4.99,4.99,4.99,4.99,2.72,3.57,4.00,4.26,4.37,4.86,4.99,4.99,4.99,4.99,4.99,4.99,4.99,4.99,4.99,4.99,2.65,3.88,4.34,4.08,4.63
4.99,4.99,4.99,4.99,4.99,4.99,4.99,4.99,4.99,4.99,4.99,2.72,3.56,4.00,4.26,4.38,4.86,4.99,4.99,4.99,4.99,4.99,4.99,4.99,4.99,4.99,4.99,2.63,3.86,4.35,4.08,4.63
4.99,4.99,4.99,4.99,4.99,4.99,4.99,4.99,4.99,4.99,4.99,2.71,3.54,3.99,4.26,4.38,4.86,4.99,4.99,4.99,4.99,4.99,4.99,4.99,4.99,4.99,4.99,2.62,3.85,4.34,4.08,4.63
4.99,4.99,4.99,4.99,4.99,4.99,4.99,4.99,4.99,4.99,4.99,2.72,3.54,3.98,4.25,4.37,4.86,4.99,4.99,4.99,4.99,4.99,4.99,4.99,4.99,4.99,4.99,2.60,3.82,4.33,4.08,4.63
4.99,4.99,4.99,4.99,4.99,4.99,4.99,4.99,4.99,4.99,4.99,2.71,3.54,3.97,4.24,4.35,4.86,4.99,4.99,4.99,4.99,4.99,4.99,4.99,4.99,4.99,4.99,2.59,3.81,4.33,4.07,4.62
4.99,4.99,4.99,4.99,4.99,4.99,4.99,4.99,4.99,4.99,4.99,2.71,3.54,3.98,4.24,4.35,4.86,4.99,4.99,4.99,4.99,4.99,4.99,4.99,4.99,4.99,4.99,2.59,3.80,4.33,4.07,4.61
4.99,4.99,4.99,4.99,4.99,4.99,4.99,4.99,4.99,4.99,4.99,2.71,3.53,3.97,4.24,4.34,4.86,4.99,4.99,4.99,4.99,4.99,4.99,4.99,4.99,4.99,4.99,2.58,3.81,4.33,4.07,4.62
4.99,4.99,4.99,4.99,4.99,4.99,4.99,4.99,4.99,4.99,4.99,2.70,3.52,3.99,4.25,4.34,4.86,4.99,4.99,4.99,4.99,4.99,4.99,4.99,4.99,4.99,4.99,2.57,3.79,4.33,4.07,4.62
4.99,4.99,4.99,4.99,4.99,4.99,4.99,4.99,4.99,4.99,4.99,2.70,3.55,4.00,4.26,4.32,4.86,4.99,4.99,4.99,4.99,4.99,4.99,4.99,4.99,4.99,4.99,2.57,3.78,4.33,4.07,4.61
4.99,4.99,4.99,4.99,4.99,4.99,4.99,4.99,4.99,4.99,4.99,2.70,3.54,4.00,4.25,4.30,4.85,4.99,4.99,4.99,4.99,4.99,4.99,4.99,4.99,4.99,4.99,2.56,3.78,4.33,4.08,4.62
4.99,4.99,4.99,4.99,4.99,4.99,4.99,4.99,4.99,4.99,4.99,2.70,3.54,3.99,4.24,4.33,4.85,4.99,4.99,4.99,4.99,4.99,4.99,4.99,4.99,4.99,4.99,2.56,3.76,4.33,4.08,4.62
4.99,4.99,4.99,4.99,4.99,4.99,4.99,4.99,4.99,4.99,4.99,2.70,3.54,3.99,4.25,4.33,4.85,4.99,4.99,4.99,4.99,4.99,4.99,4.99,4.99,4.99,4.99,2.56,3.78,4.33,4.07,4.61
4.99,4.99,4.99,4.99,4.99,4.99,4.99,4.99,4.99,4.99,4.99,2.71,3.52,3.99,4.25,4.32,4.85,4.99,4.99,4.99,4.99,4.99,4.99,4.99,4.99,4.99,4.99,2.57,3.82,4.33,4.07,4.61
4.99,4.99,4.99,4.99,4.99,4.99,4.99,4.99,4.99,4.99,4.99,2.70,3.50,3.99,4.23,4.35,4.85,4.99,4.99,4.99,4.99,4.99,4.99,4.99,4.99,4.99,4.99,2.61,3.86,4.33,4.07,4.62
4.99,4.99,4.99,4.99,4.99,4.99,4.99,4.99,4.99,4.99,4.99,2.70,3.50,3.98,4.24,4.36,4.85,4.99,4.99,4.99,4.99,4.99,4.99,4.99,4.99,4.99,4.99,2.60,3.85,4.33,4.06,4.63
4.99,4.99,4.99,4.99,4.99,4.99,4.99,4.99,4.99,4.99,4.99,2.71,3.49,3.98,4.23,4.37,4.85,4.99,4.99,4.99,4.99,4.99,4.99,4.99,4.99,4.99,4.99,2.59,3.85,4.32,4.06,4.63
4.99,4.99,4.99,4.99,4.99,4.99,4.99,4.99,4.99,4.99,4.99,2.71,3.49,3.97,4.24,4.36,4.85,4.99,4.99,4.99,4.99,4.99,4.99,4.99,4.99,4.99,4.99,2.58,3.84,4.33,4.06,4.63
4.99,4.99,4.99,4.99,4.99,4.99,4.99,4.99,4.99,4.99,4.99,2.73,3.48,3.97,4.23,4.37,4.85,4.99,4.99,4.99,4.99,4.99,4.99,4.99,4.99,4.99,4.99,2.57,3.83,4.32,4.06,4.63
4.99,4.99,4.99,4.99,4.99,4.99,4.99,4.99,4.99,4.99,4.99,2.74,3.48,3.97,4.25,4.37,4.85,4.99,4.99,4.99,4.99,4.99,4.99,4.99,4.99,4.99,4.99,2.56,3.83,4.32,4.06,4.63
4.99,4.99,4.99,4.99,4.99,4.99,4.99,4.99,4.99,4.99,4.99,2.74,3.49,3.96,4.25,4.36,4.85,4.99,4.99,4.99,4.99,4.99,4.99,4.99,4.99,4.99,4.99,2.55,3.82,4.31,4.06,4.63
4.99,4.99,4.99,4.99,4.99,4.99,4.99,4.99,4.99,4.99,4.99,2.74,3.48,3.96,4.25,4.36,4.85,4.99,4.99,4.99,4.99,4.99,4.99,4.99,4.99,4.99,4.99,2.55,3.82,4.32,4.06,4.62
4.99,4.99,4.99,4.99,4.99,4.99,4.99,4.99,4.99,4.99,4.99,2.74,3.47,3.96,4.25,4.35,4.85,4.99,4.99,4.99,4.99,4.99,4.99,4.99,4.99,4.99,4.99,2.55,3.80,4.32,4.06,4.63
4.99,4.99,4.99,4.99,4.99,4.99,4.99,4.99,4.99,4.99,4.99,2.73,3.47,3.96,4.25,4.35,4.85,4.99,4.99,4.99,4.99,4.99,4.99,4.99,4.99,4.99,4.99,2.55,3.81,4.30,4.06,4.63
4.99,4.99,4.99,4.99,4.99,4.99,4.99,4.99,4.99,4.99,4.99,2.74,3.47,3.96,4.23,4.35,4.85,4.99,4.99,4.99,4.99,4.99,4.99,4.99,4.99,4.99,4.99,2.54,3.81,4.31,4.06,4.63
4.99,4.99,4.99,4.99,4.99,4.99,4.99,4.99,4.99,4.99,4.99,2.73,3.48,3.96,4.25,4.34,4.85,4.99,4.99,4.99,4.99,4.99,4.99,4.99,4.99,4.99,4.99,2.54,3.79,4.31,4.06,4.63
4.99,4.99,4.99,4.99,4.99,4.99,4.99,4.99,4.99,4.99,4.99,2.72,3.47,3.96,4.23,4.34,4.85,4.99,4.99,4.99,4.99,4.99,4.99,4.99,4.99,4.99,4.99,2.54,3.79,4.31,4.06,4.63
4.99,4.99,4.99,4.99,4.99,4.99,4.99,4.99,4.99,4.99,4.99,2.72,3.46,3.95,4.21,4.34,4.85,4.99,4.99,4.99,4.99,4.99,4.99,4.99,4.99,4.99,4.99,2.53,3.80,4.32,4.06,4.62
4.99,4.99,4.99,4.99,4.99,4.99,4.99,4.99,4.99,4.99,4.99,2.72,3.46,3.96,4.22,4.34,4.85,4.99,4.99,4.99,4.99,4.99,4.99,4.99,4.99,4.99,4.99,2.53,3.82,4.31,4.06,4.63
4.99,4.99,4.99,4.99,4.99,4.99,4.99,4.99,4.99,4.99,4.99,2.73,3.46,3.96,4.22,4.34,4.84,4.99,4.99,4.99,4.99,4.99,4.99,4.99,4.99,4.99,4.99,2.52,3.83,4.31,4.06,4.63
4.99,4.99,4.99,4.99,4.99,4.99,4.99,4.99,4.99,4.99,4.99,2.73,3.45,3.96,4.23,4.34,4.84,4.99,4.99,4.99,4.99,4.99,4.99,4.99,4.99,4.99,4.99,2.52,3.83,4.31,4.05,4.62
4.99,4.99,4.99,4.99,4.99,4.99,4.99,4.99,4.99,4.99,4.99,2.73,3.45,3.96,4.22,4.34,4.85,4.99,4.99,4.99,4.99,4.99,4.99,4.99,4.99,4.99,4.99,2.52,3.82,4.32,4.05,4.62
4.99,4.99,4.99,4.99,4.99,4.99,4.99,4.99,4.99,4.99,4.99,2.74,3.44,3.96,4.22,4.34,4.85,4.99,4.99,4.99,4.99,4.99,4.99,4.99,4.99,4.99,4.99,2.52,3.82,4.32,4.06,4.63
4.99,4.99,4.99,4.99,4.99,4.99,4.99,4.99,4.99,4.99,4.99,2.73,3.45,3.96,4.24,4.34,4.85,4.99,4.99,4.99,4.99,4.99,4.99,4.99,4.99,4.99,4.99,2.51,3.82,4.31,4.05,4.62
4.99,4.99,4.99,4.99,4.99,4.99,4.99,4.99,4.99,4.99,4.99,2.75,3.46,3.96,4.24,4.34,4.85,4.99,4.99,4.99,4.99,4.99,4.99,4.99,4.99,4.99,4.99,2.51,3.82,4.32,4.05,4.62
4.99,4.99,4.99,4.99,4.99,4.99,4.99,4.99,4.99,4.99,4.99,2.74,3.47,3.96,4.24,4.33,4.84,4.99,4.99,4.99,4.99,4.99,4.99,4.99,4.99,4.99,4.99,2.51,3.81,4.31,4.05,4.62
4.99,4.99,4.99,4.99,4.99,4.99,4.99,4.99,4.99,4.99,4.99,2.75,3.48,3.96,4.22,4.33,4.85,4.99,4.99,4.99,4.99,4.99,4.99,4.99,4.99,4.99,4.99,2.51,3.80,4.31,4.05,4.62
4.99,4.99,4.99,4.99,4.99,4.99,4.99,4.99,4.99,4.99,4.99,2.75,3.48,3.96,4.23,4.33,4.84,4.99,4.99,4.99,4.99,4.99,4.99,4.99,4.99,4.99,4.99,2.50,3.79,4.31,4.05,4.62
4.99,4.99,4.99,4.99,4.99,4.99,4.99,4.99,4.99,4.99,4.99,2.73,3.47,3.95,4.22,4.33,4.84,4.99,4.99,4.99,4.99,4.99,4.99,4.99,4.99,4.99,4.99,2.50,3.79,4.31,4.05,4.61
4.99,4.99,4.99,4.99,4.99,4.99,4.99,4.99,4.99,4.99,4.99,2.73,3.47,3.95,4.22,4.34,4.84,4.99,4.99,4.99,4.99,4.99,4.99,4.99,4.99,4.99,4.99,2.51,3.78,4.31,4.05,4.62
4.99,4.99,4.99,4.99,4.99,4.99,4.99,4.99,4.99,4.99,4.99,2.73,3.47,3.96,4.23,4.32,4.84,4.99,4.99,4.99,4.99,4.99,4.99,4.99,4.99,4.99,4.99,2.52,3.79,4.31,4.05,4.63
4.99,4.99,4.99,4.99,4.99,4.99,4.99,4.99,4.99,4.99,4.99,2.72,3.46,3.96,4.23,4.32,4.84,4.99,4.99,4.99,4.99,4.99,4.99,4.99,4.99,4.99,4.99,2.52,3.78,4.31,4.05,4.63
4.99,4.99,4.99,4.99,4.99,4.99,4.99,4.99,4.99,4.99,4.99,2.71,3.48,3.96,4.23,4.32,4.84,4.99,4.99,4.99,4.99,4.99,4.99,4.99,4.99,4.99,4.99,2.52,3.78,4.31,4.05,4.63
4.99,4.99,4.99,4.99,4.99,4.99,4.99,4.99,4.99,4.99,4.99,2.72,3.48,3.95,4.23,4.31,4.84,4.99,4.99,4.99,4.99,4.99,4.99,4.99,4.99,4.99,4.99,2.52,3.77,4.31,4.04,4.62
4.99,4.99,4.99,4.99,4.99,4.99,4.99,4.99,4.99,4.99,4.99,2.71,3.47,3.95,4.23,4.32,4.84,4.99,4.99,4.99,4.99,4.99,4.99,4.99,4.99,4.99,4.99,2.54,3.77,4.31,4.04,4.63
4.99,4.99,4.99,4.99,4.99,4.99,4.99,4.99,4.99,4.99,4.99,2.70,3.46,3.96,4.24,4.34,4.84,4.99,4.99,4.99,4.99,4.99,4.99,4.99,4.99,4.99,4.99,2.53,3.78,4.31,4.06,4.63
4.99,4.99,4.99,4.99,4.99,4.99,4.99,4.99,4.99,4.99,4.99,2.69,3.47,3.96,4.23,4.30,4.84,4.99,4.99,4.99,4.99,4.99,4.99,4.99,4.99,4.99,4.99,2.53,3.76,4.30,4.06,4.63
4.99,4.99,4.99,4.99,4.99,4.99,4.99,4.99,4.99,4.99,4.99,2.69,3.47,3.96,4.24,4.29,4.84,4.99,4.99,4.99,4.99,4.99,4.99,4.99,4.99,4.99,4.99,2.51,3.76,4.30,4.06,4.63
4.99,4.99,4.99,4.99,4.99,4.99,4.99,4.99,4.99,4.99,4.99,2.70,3.49,3.95,4.23,4.32,4.84,4.99,4.99,4.99,4.99,4.99,4.99,4.99,4.99,4.99,4.99,2.51,3.75,4.31,4.06,4.62
4.99,4.99,4.99,4.99,4.99,4.99,4.99,4.99,4.99,4.99,4.99,2.72,3.54,3.95,4.23,4.30,4.84,4.99,4.99,4.99,4.99,4.99,4.99,4.99,4.99,4.99,4.99,2.51,3.76,4.31,4.06,4.62
4.99,4.99,4.99,4.99,4.99,4.99,4.99,4.99,4.99,4.99,4.99,2.72,3.54,3.95,4.23,4.31,4.83,4.99,4.99,4.99,4.99,4.99,4.99,4.99,4.99,4.99,4.99,2.50,3.75,4.31,4.05,4.62
4.99,4.99,4.99,4.99,4.99,4.99,4.99,4.99,4.99,4.99,4.99,2.75,3.54,3.95,4.22,4.33,4.85,4.99,4.99,4.99,4.99,4.99,4.99,4.99,4.99,4.99,4.99,2.51,3.75,4.31,4.05,4.62
4.99,4.99,4.99,4.99,4.99,4.99,4.99,4.99,4.99,4.99,4.99,2.73,3.53,3.95,4.22,4.30,4.84,4.99,4.99,4.99,4.99,4.99,4.99,4.99,4.99,4.99,4.99,2.50,3.74,4.31,4.04,4.62
4.99,4.99,4.99,4.99,4.99,4.99,4.99,4.99,4.99,4.99,4.99,2.72,3.52,3.94,4.22,4.30,4.84,4.99,4.99,4.99,4.99,4.99,4.99,4.99,4.99,4.99,4.99,2.51,3.74,4.32,4.04,4.62
4.99,4.99,4.99,4.99,4.99,4.99,4.99,4.99,4.99,4.99,4.99,2.71,3.52,3.95,4.22,4.30,4.84,4.99,4.99,4.99,4.99,4.99,4.99,4.99,4.99,4.99,4.99,2.52,3.74,4.31,4.04,4.61
4.99,4.99,4.99,4.99,4.99,4.99,4.99,4.99,4.99,4.99,4.99,2.70,3.52,3.96,4.23,4.32,4.83,4.99,4.99,4.99,4.99,4.99,4.99,4.99,4.99,4.99,4.99,2.52,3.74,4.31,4.03,4.62
4.99,4.99,4.99,4.99,4.99,4.99,4.99,4.99,4.99,4.99,4.99,2.70,3.53,3.95,4.22,4.31,4.83,4.99,4.99,4.99,4.99,4.99,4.99,4.99,4.99,4.99,4.99,2.52,3.73,4.31,4.04,4.62
4.99,4.99,4.99,4.99,4.99,4.99,4.99,4.99,4.99,4.99,4.99,2.70,3.55,3.95,4.22,4.30,4.83,4.99,4.99,4.99,4.99,4.99,4.99,4.99,4.99,4.99,4.99,2.52,3.74,4.31,4.03,4.62
4.99,4.99,4.99,4.99,4.99,4.99,4.99,4.99,4.99,4.99,4.99,2.99,3.77,4.02,4.06,3.78,4.60,4.99,4.89,4.99,4.99,4.43,4.99,4.99,4.99,4.99,4.99,2.71,4.08,4.15,3.84,3.81,19,2019-12-17
4.99,4.99,4.99,4.99,4.99,4.99,4.99,4.99,4.99,4.99,4.99,2.95,3.78,4.03,4.07,3.78,4.61,4.99,4.89,4.99,4.99,4.43,4.99,4.99,4.99,4.99,4.99,2.72,4.06,4.15,3.84,3.83
4.99,4.99,4.99,4.99,4.99,4.99,4.99,4.99,4.99,4.99,4.99,3.01,3.78,4.03,4.06,3.78,4.63,4.99,4.89,4.99,4.99,4.43,4.99,4.99,4.99,4.99,4.99,2.74,4.04,4.16,3.84,3.81
4.99,4.99,4.99,4.99,4.99,4.99,4.99,4.99,4.99,4.99,4.99,3.03,3.78,4.06,4.05,3.79,4.62,4.99,4.89,4.99,4.99,4.44,4.99,4.99,4.99,4.99,4.99,2.76,4.05,4.17,3.87,3.88
4.99,4.99,4.99,4.99,4.99,4.99,4.99,4.99,4.99,4.99,4.99,2.95,3.75,4.07,4.08,3.83,4.62,4.99,4.90,4.99,4.99,4.43,4.99,4.99,4.99,4.99,4.99,2.74,4.03,4.20,3.87,3.90
4.99,4.99,4.99,4.99,4.99,4.99,4.99,4.99,4.99,4.99,4.99,2.92,3.74,4.05,4.08,3.82,4.62,4.99,4.89,4.99,4.99,4.44,4.99,4.99,4.99,4.99,4.99,2.71,3.99,4.20,3.88,3.89
4.99,4.99,4.99,4.99,4.99,4.99,4.99,4.99,4.99,4.99,4.99,3.00,3.76,4.03,4.05,3.80,4.61,4.99,4.89,4.99,4.99,4.44,4.99,4.99,4.99,4.99,4.99,2.70,4.00,4.19,3.84,3.86
4.99,4.99,4.99,4.99,4.99,4.99,4.99,4.99,4.99,4.99,4.99,2.97,3.75,4.02,4.05,3.79,4.61,4.99,4.89,4.99,4.99,4.43,4.99,4.99,4.99,4.99,4.99,2.68,3.99,4.17,3.84,3.85
4.99,4.99,4.99,4.99,4.99,4.99,4.99,4.99,4.99,4.99,4.99,2.95,3.74,4.01,4.05,3.77,4.61,4.99,4.89,4.99,4.99,4.43,4.99,4.99,4.99,4.99,4.99,2.74,4.01,4.16,3.84,3.84
4.99,4.99,4.99,4.99,4.99,4.99,4.99,4.99,4.99,4.99,4.99,2.95,3.73,4.02,4.04,3.77,4.61,4.99,4.89,4.99,4.99,4.43,4.99,4.99,4.99,4.99,4.99,2.76,4.00,4.16,3.83,3.83
4.99,4.99,4.99,4.99,4.99,4.99,4.99,4.99,4.99,4.99,4.99,2.95,3.75,4.03,4.04,3.77,4.62,4.99,4.89,4.99,4.99,4.43,4.99,4.99,4.99,4.99,4.99,2.77,4.04,4.15,3.84,3.82
4.99,4.99,4.99,4.99,4.99,4.99,4.99,4.99,4.99,4.99,4.99,2.93,3.73,4.04,4.02,3.76,4.61,4.99,4.89,4.99,4.99,4.43,4.99,4.99,4.99,4.99,4.99,2.73,3.99,4.17,3.83,3.84
4.99,4.99,4.99,4.99,4.99,4.99,4.99,4.99,4.99,4.99,4.99,2.92,3.72,4.04,4.02,3.76,4.62,4.99,4.89,4.99,4.99,4.43,4.99,4.99,4.99,4.99,4.99,2.71,3.99,4.15,3.83,3.85
4.99,4.99,4.99,4.99,4.99,4.99,4.99,4.99,4.99,4.99,4.99,2.90,3.70,4.04,4.02,3.76,4.61,4.99,4.89,4.99,4.99,4.43,4.99,4.99,4.99,4.99,4.99,2.70,4.01,4.15,3.80,3.85
4.99,4.99,4.99,4.99,4.99,4.99,4.99,4.99,4.99,4.99,4.99,2.90,3.70,4.04,4.02,3.76,4.61,4.99,4.89,4.99,4.99,4.43,4.99,4.99,4.99,4.99,4.99,2.69,4.00,4.15,3.80,3.85
4.99,4.99,4.99,4.99,4.99,4.99,4.99,4.99,4.99,4.99,4.99,2.89,3.68,4.05,4.01,3.76,4.60,4.99,4.89,4.99,4.99,4.43,4.99,4.99,4.99,4.99,4.99,2.68,3.98,4.15,3.80,3.84
4.99,4.99,4.99,4.99,4.99,4.99,4.99,4.99,4.99,4.99,4.99,2.92,3.70,4.03,4.02,3.75,4.60,4.99,4.89,4.99,4.99,4.42,4.99,4.99,4.99,4.99,4.99,2.67,3.97,4.17,3.81,3.84
4.99,4.99,4.99,4.99,4.99,4.99,4.99,4.99,4.99,4.99,4.99,2.92,3.69,4.04,4.03,3.76,4.61,4.99,4.89,4.99,4.99,4.43,4.99,4.99,4.99,4.99,4.99,2.66,3.97,4.18,3.83,3.85
4.99,4.99,4.99,4.99,4.99,4.99,4.99,4.99,4.99,4.99,4.99,2.93,3.71,4.06,4.03,3.75,4.61,4.99,4.89,4.99,4.99,4.43,4.99,4.99,4.99,4.99,4.99,2.66,3.96,4.17,3.83,3.85
4.99,4.99,4.99,4.99,4.99,4.99,4.99,4.99,4.99,4.99,4.99,2.91,3.71,4.04,4.04,3.76,4.61,4.99,4.89,4.99,4.99,4.44,4.99,4.99,4.99,4.99,4.99,2.65,3.95,4.19,3.83,3.86
4.99,4.99,4.99,4.99,4.99,4.99,4.99,4.99,4.99,4.99,4.99,2.90,3.70,4.03,4.02,3.77,4.60,4.99,4.89,4.99,4.99,4.43,4.99,4.99,4.99,4.99,4.99,2.66,3.94,4.18,3.83,3.85
4.99,4.99,4.99,4.99,4.99,4.99,4.99,4.99,4.99,4.99,4.99,2.90,3.70,4.04,4.02,3.78,4.60,4.99,4.89,4.99,4.99,4.43,4.99,4.99,4.99,4.99,4.99,2.66,3.94,4.19,3.84,3.86
4.99,4.99,4.99,4.99,4.99,4.99,4.99,4.99,4.99,4.99,4.99,2.89,3.66,4.04,4.03,3.79,4.60,4.99,4.89,4.99,4.99,4.44,4.99,4.99,4.99,4.99,4.99,2.65,3.92,4.19,3.84,3.87
4.99,4.99,4.99,4.99,4.99,4.99,4.99,4.99,4.99,4.99,4.99,2.90,3.66,4.03,4.02,3.79,4.60,4.99,4.89,4.99,4.99,4.43,4.99,4.99,4.99,4.99,4.99,2.64,3.96,4.18,3.82,3.86
4.99,4.99,4.99,4.99,4.99,4.99,4.99,4.99,4.99,4.99,4.99,2.89,3.64,4.03,4.01,3.77,4.61,4.99,4.89,4.99,4.99,4.43,4.99,4.99,4.99,4.99,4.99,2.66,3.93,4.15,3.81,3.85
4.99,4.99,4.99,4.99,4.99,4.99,4.99,4.99,4.99,4.99,4.99,2.91,3.66,4.02,4.00,3.78,4.61,4.99,4.88,4.99,4.99,4.43,4.99,4.99,4.99,4.99,4.99,2.64,3.95,4.17,3.81,3.85
4.99,4.99,4.99,4.99,4.99,4.99,4.99,4.99,4.99,4.99,4.99,2.88,3.63,4.02,4.00,3.77,4.60,4.99,4.88,4.99,4.99,4.42,4.99,4.99,4.99,4.99,4.99,2.65,3.95,4.15,3.80,3.88
4.99,4.99,4.99,4.99,4.99,4.99,4.99,4.99,4.99,4.99,4.99,2.87,3.65,4.02,4.01,3.77,4.60,4.99,4.88,4.99,4.99,4.42,4.99,4.99,4.99,4.99,4.99,2.65,3.94,4.15,3.79,3.87
4.99,4.99,4.99,4.99,4.99,4.99,4.99,4.99,4.99,4.99,4.99,2.89,3.68,4.02,4.01,3.76,4.61,4.99,4.87,4.99,4.99,4.42,4.99,4.99,4.99,4.99,4.99,2.65,3.93,4.16,3.81,3.85
4.99,4.99,4.99,4.99,4.99,4.99,4.99,4.99,4.99,4.99,4.99,2.89,3.69,4.02,4.01,3.78,4.60,4.99,4.87,4.99,4.99,4.41,4.99,4.99,4.99,4.99,4.99,2.65,3.93,4.13,3.81,3.86
4.99,4.99,4.99,4.99,4.99,4.99,4.99,4.99,4.99,4.99,4.99,2.87,3.68,4.02,4.01,3.78,4.61,4.99,4.88,4.99,4.99,4.42,4.99,4.99,4.99,4.99,4.99,2.65,3.93,4.12,3.80,3.87
4.99,4.99,4.99,4.99,4.99,4.99,4.99,4.99,4.99,4.99,4.99,2.85,3.66,4.01,4.02,3.77,4.61,4.99,4.87,4.99,4.99,4.43,4.99,4.99,4.99,4.99,4.99,2.66,3.94,4.13,3.79,3.87
4.99,4.99,4.99,4.99,4.99,4.99,4.99,4.99,4.99,4.99,4.99,2.85,3.66,4.01,4.01,3.76,4.61,4.99,4.87,4.99,4.99,4.41,4.99,4.99,4.99,4.99,4.99,2.66,3.96,4.11,3.79,3.86
4.99,4.99,4.99,4.99,4.99,4.99,4.99,4.99,4.99,4.99,4.99,2.84,3.66,4.01,4.02,3.76,4.60,4.99,4.88,4.99,4.99,4.42,4.99,4.99,4.99,4.99,4.99,2.68,3.96,4.11,3.79,3.86
4.99,4.99,4.99,4.99,4.99,4.99,4.99,4.99,4.99,4.99,4.99,2.84,3.65,4.00,4.01,3.77,4.60,4.99,4.87,4.99,4.99,4.41,4.99,4.99,4.99,4.99,4.99,2.68,3.97,4.13,3.80,3.87
4.99,4.99,4.99,4.99,4.99,4.99,4.99,4.99,4.99,4.99,4.99,2.83,3.65,4.00,4.01,3.77,4.60,4.99,4.87,4.99,4.99,4.42,4.99,4.99,4.99,4.99,4.99,2.68,3.96,4.13,3.79,3.87
4.99,4.99,4.99,4.99,4.99,4.99,4.99,4.99,4.99,4.99,4.99,2.83,3.66,4.00,4.02,3.76,4.60,4.99,4.87,4.99,4.99,4.41,4.99,4.99,4.99,4.99,4.99,2.67,3.95,4.15,3.79,3.87
4.99,4.99,4.99,4.99,4.99,4.99,4.99,4.99,4.99,4.99,4.99,2.84,3.69,3.99,4.01,3.77,4.60,4.99,4.87,4.99,4.99,4.42,4.99,4.99,4.99,4.99,4.99,2.68,3.96,4.16,3.80,3.87
4.99,4.99,4.99,4.99,4.99,4.99,4.99,4.99,4.99,4.99,4.99,2.84,3.72,4.00,4.02,3.77,4.60,4.99,4.88,4.99,4.99,4.41,4.99,4.99,4.99,4.99,4.99,2.68,3.94,4.17,3.80,3.87
4.99,4.99,4.99,4.99,4.99,4.99,4.99,4.99,4.99,4.99,4.99,2.82,3.72,4.00,4.02,3.78,4.60,4.99,4.87,4.99,4.99,4.42,4.99,4.99,4.99,4.99,4.99,2.68,3.93,4.17,3.80,3.87
4.99,4.99,4.99,4.99,4.99,4.99,4.99,4.99,4.99,4.99,4.99,2.82,3.69,4.01,4.02,3.78,4.59,4.99,4.87,4.99,4.99,4.42,4.99,4.99,4.99,4.99,4.99,2.70,3.97,4.17,3.79,3.87
4.99,4.99,4.99,4.99,4.99,4.99,4.99,4.99,4.99,4.99,4.99,2.81,3.67,4.00,4.01,3.77,4.59,4.99,4.87,4.99,4.99,4.41,4.99,4.99,4.99,4.99,4.99,2.69,3.98,4.16,3.78,3.86
4.99,4.99,4.99,4.99,4.99,4.99,4.99,4.99,4.99,4.99,4.99,2.80,3.70,3.98,4.01,3.77,4.59,4.99,4.87,4.99,4.99,4.42,4.99,4.99,4.99,4.99,4.99,2.69,4.02,4.12,3.79,3.85
4.99,4.99,4.99,4.99,4.99,4.99,4.99,4.99,4.99,4.99,4.99,2.80,3.71,3.99,4.00,3.77,4.59,4.99,4.87,4.99,4.99,4.42,4.99,4.99,4.99,4.99,4.99,2.68,3.96,4.13,3.80,3.85
4.99,4.99,4.99,4.99,4.99,4.99,4.99,4.99,4.99,4.99,4.99,2.79,3.71,3.98,4.00,3.77,4.59,4.99,4.88,4.99,4.99,4.42,4.99,4.99,4.99,4.99,4.99,2.69,3.96,4.15,3.80,3.85
4.99,4.99,4.99,4.99,4.99,4.99,4.99,4.99,4.99,4.99,4.99,2.79,3.71,3.97,4.00,3.76,4.59,4.99,4.88,4.99,4.99,4.43,4.99,4.99,4.99,4.99,4.99,2.68,3.97,4.14,3.80,3.85
4.99,4.99,4.99,4.99,4.99,4.99,4.99,4.99,4.99,4.99,4.99,2.79,3.69,3.97,4.00,3.76,4.60,4.99,4.88,4.99,4.99,4.42,4.99,4.99,4.99,4.99,4.99,2.69,3.96,4.13,3.81,3.85
4.99,4.99,4.99,4.99,4.99,4.99,4.99,4.99,4.99,4.99,4.99,2.79,3.71,3.97,3.99,3.76,4.60,4.99,4.87,4.99,4.99,4.42,4.99,4.99,4.99,4.99,4.99,2.69,3.95,4.13,3.80,3.85
4.99,4.99,4.99,4.99,4.99,4.99,4.99,4.99,4.99,4.99,4.99,2.78,3.70,3.97,4.00,3.76,4.59,4.99,4.87,4.99,4.99,4.42,4.99,4.99,4.99,4.99,4.99,2.69,3.93,4.14,3.81,3.85
4.99,4.99,4.99,4.99,4.99,4.99,4.99,4.99,4.99,4.99,4.99,2.79,3.71,3.97,3.99,3.77,4.60,4.99,4.87,4.99,4.99,4.42,4.99,4.99,4.99,4.99,4.99,2.70,3.95,4.13,3.81,3.84
4.99,4.99,4.99,4.99,4.99,4.99,4.99,4.99,4.99,4.99,4.99,2.78,3.68,3.97,3.99,3.78,4.60,4.99,4.87,4.99,4.99,4.42,4.99,4.99,4.99,4.99,4.99,2.70,3.94,4.14,3.82,3.84
4.99,4.99,4.99,4.99,4.99,4.99,4.99,4.99,4.99,4.99,4.99,2.78,3.69,3.97,4.00,3.78,4.60,4.99,4.88,4.99,4.99,4.42,4.99,4.99,4.99,4.99,4.99,2.69,3.93,4.13,3.82,3.85
4.99,4.99,4.99,4.99,4.99,4.99,4.99,4.99,4.99,4.99,4.99,2.78,3.73,3.97,3.98,3.78,4.60,4.99,4.88,4.99,4.99,4.42,4.99,4.99,4.99,4.99,4.99,2.70,3.94,4.17,3.82,3.84
4.99,4.99,4.99,4.99,4.99,4.99,4.99,4.99,4.99,4.99,4.99,2.78,3.73,3.98,3.99,3.78,4.60,4.99,4.87,4.99,4.99,4.42,4.99,4.99,4.99,4.99,4.99,2.69,3.94,4.17,3.82,3.84
4.99,4.99,4.99,4.99,4.99,4.99,4.99,4.99,4.99,4.99,4.99,2.79,3.71,3.97,3.99,3.76,4.60,4.99,4.88,4.99,4.99,4.41,4.99,4.99,4.99,4.99,4.99,2.69,3.94,4.17,3.81,3.84
4.99,4.99,4.99,4.99,4.99,4.99,4.99,4.99,4.99,4.99,4.99,2.90,3.77,4.29,4.36,4.56,4.89,4.99,4.99,4.99,4.99,4.99,4.99,4.99,4.99,4.99,4.99,2.72,3.94,4.33,4.14,4.57,20,2019-12-17
4.99,4.99,4.99,4.99,4.99,4.99,4.99,4.99,4.99,4.99,4.99,2.85,3.70,4.28,4.35,4.55,4.99,4.99,4.99,4.99,4.99,4.99,4.99,4.99,4.99,4.99,4.99,2.72,4.01,4.32,4.14,4.57
4.99,4.99,4.99,4.99,4.99,4.99,4.99,4.99,4.99,4.99,4.99,2.78,3.67,4.27,4.33,4.55,4.90,4.99,4.99,4.99,4.99,4.99,4.99,4.99,4.99,4.99,4.99,2.71,3.97,4.33,4.14,4.58
4.99,4.99,4.99,4.99,4.99,4.99,4.99,4.99,4.99,4.99,4.99,2.77,3.68,4.27,4.35,4.54,4.90,4.99,4.99,4.99,4.99,4.99,4.99,4.99,4.99,4.99,4.99,2.70,3.97,4.32,4.15,4.58
4.99,4.99,4.99,4.99,4.99,4.99,4.99,4.99,4.99,4.99,4.99,2.74,3.67,4.28,4.35,4.54,4.99,4.99,4.99,4.99,4.99,4.99,4.99,4.99,4.99,4.99,4.99,2.69,3.97,4.33,4.14,4.58
4.99,4.99,4.99,4.99,4.99,4.99,4.99,4.99,4.99,4.99,4.99,2.75,3.67,4.28,4.34,4.53,4.99,4.99,4.99,4.99,4.99,4.99,4.99,4.99,4.99,4.99,4.99,2.67,3.97,4.32,4.14,4.58
4.99,4.99,4.99,4.99,4.99,4.99,4.99,4.99,4.99,4.99,4.99,2.74,3.67,4.28,4.33,4.54,4.89,4.99,4.99,4.99,4.99,4.99,4.99,4.99,4.99,4.99,4.99,2.66,3.97,4.31,4.14,4.57
4.99,4.99,4.99,4.99,4.99,4.99,4.99,4.99,4.99,4.99,4.99,2.77,3.66,4.28,4.34,4.54,4.90,4.99,4.99,4.99,4.99,4.99,4.99,4.99,4.99,4.99,4.99,2.65,3.99,4.30,4.13,4.58
4.99,4.99,4.99,4.99,4.99,4.99,4.99,4.99,4.99,4.99,4.99,2.77,3.65,4.27,4.34,4.53,4.89,4.99,4.99,4.99,4.99,4.99,4.99,4.99,4.99,4.99,4.99,2.66,3.97,4.31,4.13,4.57
4.99,4.99,4.99,4.99,4.99,4.99,4.99,4.99,4.99,4.99,4.99,2.79,3.66,4.26,4.34,4.53,4.90,4.99,4.99,4.99,4.99,4.99,4.99,4.99,4.99,4.99,4.99,2.66,3.96,4.31,4.12,4.57
4.99,4.99,4.99,4.99,4.99,4.99,4.99,4.99,4.99,4.99,4.99,2.82,3.67,4.26,4.34,4.53,4.89,4.99,4.99,4.99,4.99,4.99,4.99,4.99,4.99,4.99,4.99,2.65,3.95,4.30,4.11,4.58
4.99,4.99,4.99,4.99,4.99,4.99,4.99,4.99,4.99,4.99,4.99,2.81,3.67,4.27,4.34,4.53,4.89,4.99,4.99,4.99,4.99,4.99,4.99,4.99,4.99,4.99,4.99,2.64,3.94,4.31,4.12,4.58
4.99,4.99,4.99,4.99,4.99,4.99,4.99,4.99,4.99,4.99,4.99,2.80,3.66,4.26,4.34,4.53,4.89,4.99,4.99,4.99,4.99,4.99,4.99,4.99,4.99,4.99,4.99,2.65,3.95,4.31,4.10,4.58
4.99,4.99,4.99,4.99,4.99,4.99,4.99,4.99,4.99,4.99,4.99,2.80,3.66,4.26,4.33,4.53,4.89,4.99,4.99,4.99,4.99,4.99,4.99,4.99,4.99,4.99,4.99,2.66,3.95,4.30,4.10,4.58
4.99,4.99,4.99,4.99,4.99,4.99,4.99,4.99,4.99,4.99,4.99,2.78,3.66,4.25,4.33,4.53,4.99,4.99,4.99,4.99,4.99,4.99,4.99,4.99,4.99,4.99,4.99,2.66,3.96,4.30,4.10,4.57
4.99,4.99,4.99,4.99,4.99,4.99,4.99,4.99,4.99,4.99,4.99,2.79,3.66,4.26,4.33,4.53,4.89,4.99,4.99,4.99,4.99,4.99,4.99,4.99,4.99,4.99,4.99,2.66,3.97,4.30,4.10,4.57
4.99,4.99,4.99,4.99,4.99,4.99,4.99,4.99,4.99,4.99,4.99,2.78,3.67,4.25,4.34,4.53,4.89,4.99,4.99,4.99,4.99,4.99,4.99,4.99,4.99,4.99,4.99,2.65,3.97,4.30,4.10,4.57
4.99,4.99,4.99,4.99,4.99,4.99,4.99,4.99,4.99,4.99,4.99,2.82,3.69,4.25,4.35,4.53,4.89,4.99,4.99,4.99,4.99,4.99,4.99,4.99,4.99,4.99,4.99,2.65,3.96,4.29,4.10,4.57
4.99,4.99,4.99,4.99,4.99,4.99,4.99,4.99,4.99,4.99,4.99,2.81,3.68,4.25,4.34,4.53,4.89,4.99,4.99,4.99,4.99,4.99,4.99,4.99,4.99,4.99,4.99,2.65,3.96,4.29,4.10,4.57
4.99,4.99,4.99,4.99,4.99,4.99,4.99,4.99,4.99,4.99,4.99,2.81,3.68,4.25,4.34,4.53,4.89,4.99,4.99,4.99,4.99,4.99,4.99,4.99,4.99,4.99,4.99,2.64,3.95,4.29,4.10,4.56
4.99,4.99,4.99,4.99,4.99,4.99,4.99,4.99,4.99,4.99,4.99,2.82,3.71,4.24,4.34,4.53,4.89,4.99,4.99,4.99,4.99,4.99,4.99,4.99,4.99,4.99,4.99,2.63,3.94,4.29,4.09,4.56
4.99,4.99,4.99,4.99,4.99,4.99,4.99,4.99,4.99,4.99,4.99,2.82,3.69,4.25,4.34,4.53,4.90,4.99,4.99,4.99,4.99,4.99,4.99,4.99,4.99,4.99,4.99,2.63,3.94,4.29,4.09,4.56
4.99,4.99,4.99,4.99,4.99,4.99,4.99,4.99,4.99,4.99,4.99,2.83,3.71,4.25,4.33,4.53,4.89,4.99,4.99,4.99,4.99,4.99,4.99,4.99,4.99,4.99,4.99,2.63,3.92,4.29,4.09,4.57
4.99,4.99,4.99,4.99,4.99,4.99,4.99,4.99,4.99,4.99,4.99,2.80,3.69,4.25,4.34,4.53,4.90,4.99,4.99,4.99,4.99,4.99,4.99,4.99,4.99,4.99,4.99,2.65,3.95,4.27,4.09,4.56
4.99,4.99,4.99,4.99,4.99,4.99,4.99,4.99,4.99,4.99,4.99,2.79,3.68,4.25,4.34,4.52,4.89,4.99,4.99,4.99,4.99,4.99,4.99,4.99,4.99,4.99,4.99,2.64,3.96,4.28,4.09,4.56
4.99,4.99,4.99,4.99,4.99,4.99,4.99,4.99,4.99,4.99,4.99,2.80,3.69,4.25,4.33,4.52,4.89,4.99,4.99,4.99,4.99,4.99,4.99,4.99,4.99,4.99,4.99,2.63,3.93,4.29,4.08,4.57
4.99,4.99,4.99,4.99,4.99,4.99,4.99,4.99,4.99,4.99,4.99,2.81,3.69,4.24,4.35,4.52,4.89,4.99,4.99,4.99,4.99,4.99,4.99,4.99,4.99,4.99,4.99,2.63,3.92,4.29,4.08,4.56
4.99,4.99,4.99,4.99,4.99,4.99,4.99,4.99,4.99,4.99,4.99,2.81,3.69,4.24,4.34,4.52,4.89,4.99,4.99,4.99,4.99,4.99,4.99,4.99,4.99,4.99,4.99,2.62,3.92,4.30,4.08,4.56
4.99,4.99,4.99,4.99,4.99,4.99,4.99,4.99,4.99,4.99,4.99,2.82,3.70,4.24,4.35,4.53,4.89,4.99,4.99,4.99,4.99,4.99,4.99,4.99,4.99,4.99,4.99,2.62,3.90,4.29,4.09,4.56
4.99,4.99,4.99,4.99,4.99,4.99,4.99,4.99,4.99,4.99,4.99,2.82,3.71,4.24,4.35,4.53,4.89,4.99,4.99,4.99,4.99,4.99,4.99,4.99,4.99,4.99,4.99,2.61,3.89,4.30,4.08,4.55
4.99,4.99,4.99,4.99,4.99,4.99,4.99,4.99,4.99,4.99,4.99,2.82,3.72,4.24,4.34,4.53,4.89,4.99,4.99,4.99,4.99,4.99,4.99,4.99,4.99,4.99,4.99,2.61,3.90,4.30,4.09,4.55
4.99,4.99,4.99,4.99,4.99,4.99,4.99,4.99,4.99,4.99,4.99,2.80,3.71,4.24,4.35,4.52,4.89,4.99,4.99,4.99,4.99,4.99,4.99,4.99,4.99,4.99,4.99,2.66,3.93,4.29,4.08,4.56
4.99,4.99,4.99,4.99,4.99,4.99,4.99,4.99,4.99,4.99,4.99,2.80,3.77,4.24,4.34,4.52,4.89,4.99,4.99,4.99,4.99,4.99,4.99,4.99,4.99,4.99,4.99,2.66,3.92,4.28,4.08,4.56
4.99,4.99,4.99,4.99,4.99,4.99,4.99,4.99,4.99,4.99,4.99,2.80,3.77,4.24,4.34,4.52,4.89,4.99,4.99,4.99,4.99,4.99,4.99,4.99,4.99,4.99,4.99,2.66,3.91,4.28,4.08,4.56
4.99,4.99,4.99,4.99,4.99,4.99,4.99,4.99,4.99,4.99,4.99,2.80,3.75,4.24,4.34,4.53,4.89,4.99,4.99,4.99,4.99,4.99,4.99,4.99,4.99,4.99,4.99,2.66,3.90,4.28,4.08,4.55
4.99,4.99,4.99,4.99,4.99,4.99,4.99,4.99,4.99,4.99,4.99,2.79,3.74,4.23,4.34,4.53,4.89,4.99,4.99,4.99,4.99,4.99,4.99,4.99,4.99,4.99,4.99,2.66,3.90,4.28,4.08,4.56
4.99,4.99,4.99,4.99,4.99,4.99,4.99,4.99,4.99,4.99,4.99,2.80,3.74,4.24,4.34,4.53,4.89,4.99,4.99,4.99,4.99,4.99,4.99,4.99,4.99,4.99,4.99,2.65,3.90,4.28,4.08,4.56
4.99,4.99,4.99,4.99,4.99,4.99,4.99,4.99,4.99,4.99,4.99,2.79,3.72,4.23,4.34,4.53,4.88,4.99,4.99,4.99,4.99,4.99,4.99,4.99,4.99,4.99,4.99,2.65,3.89,4.28,4.08,4.56
4.99,4.99,4.99,4.99,4.99,4.99,4.99,4.99,4.99,4.99,4.99,2.78,3.72,4.23,4.33,4.52,4.89,4.99,4.99,4.99,4.99,4.99,4.99,4.99,4.99,4.99,4.99,2.64,3.89,4.28,4.08,4.55
4.99,4.99,4.99,4.99,4.99,4.99,4.99,4.99,4.99,4.99,4.99,2.77,3.71,4.23,4.34,4.52,4.89,4.99,4.99,4.99,4.99,4.99,4.99,4.99,4.99,4.99,4.99,2.63,3.90,4.27,4.08,4.56
4.99,4.99,4.99,4.99,4.99,4.99,4.99,4.99,4.99,4.99,4.99,2.76,3.72,4.24,4.35,4.52,4.89,4.99,4.99,4.99,4.99,4.99,4.99,4.99,4.99,4.99,4.99,2.63,3.90,4.27,4.09,4.56
4.99,4.99,4.99,4.99,4.99,4.99,4.99,4.99,4.99,4.99,4.99,2.75,3.71,4.24,4.35,4.52,4.89,4.99,4.99,4.99,4.99,4.99,4.99,4.99,4.99,4.99,4.99,2.63,3.89,4.27,4.09,4.56
4.99,4.99,4.99,4.99,4.99,4.99,4.99,4.99,4.99,4.99,4.99,2.75,3.70,4.24,4.35,4.52,4.89,4.99,4.99,4.99,4.99,4.99,4.99,4.99,4.99,4.99,4.99,2.63,3.90,4.27,4.08,4.56
4.99,4.99,4.99,4.99,4.99,4.99,4.99,4.99,4.99,4.99,4.99,2.76,3.70,4.24,4.34,4.52,4.89,4.99,4.99,4.99,4.99,4.99,4.99,4.99,4.99,4.99,4.99,2.64,3.90,4.27,4.08,4.55
4.99,4.99,4.99,4.99,4.99,4.99,4.99,4.99,4.99,4.99,4.99,2.75,3.71,4.23,4.34,4.52,4.89,4.99,4.99,4.99,4.99,4.99,4.99,4.99,4.99,4.99,4.99,2.64,3.90,4.26,4.08,4.56
4.99,4.99,4.99,4.99,4.99,4.99,4.99,4.99,4.99,4.99,4.99,2.74,3.71,4.23,4.34,4.52,4.89,4.99,4.99,4.99,4.99,4.99,4.99,4.99,4.99,4.99,4.99,2.65,3.88,4.26,4.08,4.56
4.99,4.99,4.99,4.99,4.99,4.99,4.99,4.99,4.99,4.99,4.99,2.74,3.70,4.23,4.34,4.53,4.89,4.99,4.99,4.99,4.99,4.99,4.99,4.99,4.99,4.99,4.99,2.64,3.88,4.26,4.08,4.56
4.99,4.99,4.99,4.99,4.99,4.99,4.99,4.99,4.99,4.99,4.99,2.75,3.72,4.24,4.35,4.52,4.89,4.99,4.99,4.99,4.99,4.99,4.99,4.99,4.99,4.99,4.99,2.64,3.88,4.26,4.07,4.56
4.99,4.99,4.99,4.99,4.99,4.99,4.99,4.99,4.99,4.99,4.99,2.75,3.72,4.23,4.34,4.51,4.89,4.99,4.99,4.99,4.99,4.99,4.99,4.99,4.99,4.99,4.99,2.64,3.89,4.26,4.07,4.56
4.99,4.99,4.99,4.99,4.99,4.99,4.99,4.99,4.99,4.99,4.99,2.76,3.71,4.24,4.35,4.52,4.89,4.99,4.99,4.99,4.99,4.99,4.99,4.99,4.99,4.99,4.99,2.64,3.90,4.28,4.08,4.56
4.99,4.99,4.99,4.99,4.99,4.99,4.99,4.99,4.99,4.99,4.99,2.78,3.70,4.24,4.35,4.52,4.89,4.99,4.99,4.99,4.99,4.99,4.99,4.99,4.99,4.99,4.99,2.63,3.91,4.29,4.08,4.56
4.99,4.99,4.99,4.99,4.99,4.99,4.99,4.99,4.99,4.99,4.99,2.78,3.70,4.23,4.35,4.52,4.90,4.99,4.99,4.99,4.99,4.99,4.99,4.99,4.99,4.99,4.99,2.63,3.89,4.29,4.08,4.55
4.99,4.99,4.99,4.99,4.99,4.99,4.99,4.99,4.99,4.99,4.99,2.79,3.71,4.24,4.35,4.52,4.90,4.99,4.99,4.99,4.99,4.99,4.99,4.99,4.99,4.99,4.99,2.63,3.89,4.29,4.08,4.55
4.99,4.99,4.99,4.99,4.99,4.99,4.99,4.99,4.99,4.99,4.99,2.79,3.72,4.23,4.35,4.52,4.89,4.99,4.99,4.99,4.99,4.99,4.99,4.99,4.99,4.99,4.99,2.64,3.90,4.29,4.07,4.56
4.99,4.99,4.99,4.99,4.99,4.99,4.99,4.99,4.99,4.99,4.99,2.79,3.73,4.24,4.35,4.52,4.99,4.99,4.99,4.99,4.99,4.99,4.99,4.99,4.99,4.99,4.99,2.66,3.89,4.29,4.07,4.56
