Recording timestamp,Recording date,Gaze point X,Gaze point Y,Gaze point left X,Gaze point left Y,Gaze point right X,Gaze point right Y,Gaze direction left X,Gaze direction left Y,Gaze direction left Z,Gaze direction right X,Gaze direction right Y,Gaze direction right Z,Pupil diameter left,Pupil diameter right,label
1013002776,2024/04/07,1073.0,1014.0,1069.0,1023.0,1077.0,1006.0,0.04668,0.16144,-0.98578,-0.07227,0.1574,-0.98489,3.93,4.145,sober
1013019431,2024/04/07,1072.0,1012.0,1081.0,1011.0,1063.0,1013.0,0.05031,0.15825,-0.98612,-0.07617,0.16004,-0.98417,3.951,4.16,sober
1013036085,2024/04/07,1076.0,949.0,1084.0,893.0,1068.0,1005.0,0.05154,0.12416,-0.99092,-0.07508,0.15783,-0.98461,3.95,4.227,sober
1013052740,2024/04/07,1088.0,841.0,1088.0,841.0,nan,nan,0.0507,0.10753,-0.99291,nan,nan,nan,3.873,nan,sober
1013069395,2024/04/07,nan,nan,nan,nan,nan,nan,nan,nan,nan,nan,nan,nan,nan,nan,sober
1013086050,2024/04/07,nan,nan,nan,nan,nan,nan,nan,nan,nan,nan,nan,nan,nan,nan,sober
1013102704,2024/04/07,nan,nan,nan,nan,nan,nan,nan,nan,nan,nan,nan,nan,nan,nan,sober
1013119359,2024/04/07,nan,nan,nan,nan,nan,nan,nan,nan,nan,nan,nan,nan,nan,nan,sober
1013136015,2024/04/07,nan,nan,nan,nan,nan,nan,nan,nan,nan,nan,nan,nan,nan,nan,sober
1013152669,2024/04/07,582.0,844.0,nan,nan,582.0,844.0,nan,nan,nan,-0.21252,0.10801,-0.97117,nan,2.57,sober
1013169324,2024/04/07,643.0,709.0,703.0,575.0,582.0,844.0,-0.06085,0.03053,-0.99768,-0.21064,0.11023,-0.97133,3.977,2.57,sober
1013185979,2024/04/07,792.0,584.0,731.0,558.0,852.0,610.0,-0.05394,0.02482,-0.99824,-0.13679,0.04198,-0.98971,4.167,4.447,sober
1013202633,2024/04/07,803.0,610.0,753.0,587.0,853.0,634.0,-0.04682,0.03327,-0.99835,-0.13703,0.04879,-0.98936,4.178,4.363,sober
1013219288,2024/04/07,795.0,613.0,764.0,616.0,826.0,610.0,-0.04333,0.04189,-0.99818,-0.1453,0.04155,-0.98852,4.132,4.412,sober
1013235943,2024/04/07,794.0,611.0,785.0,630.0,804.0,592.0,-0.03701,0.04607,-0.99825,-0.15189,0.03612,-0.98774,4.132,4.442,sober
1013252597,2024/04/07,797.0,627.0,788.0,638.0,805.0,615.0,-0.03591,0.04843,-0.99818,-0.15156,0.04296,-0.98751,4.131,4.403,sober
1013269252,2024/04/07,809.0,626.0,810.0,636.0,807.0,616.0,-0.02908,0.04775,-0.99844,-0.15119,0.04314,-0.98756,4.125,4.398,sober
1013285907,2024/04/07,823.0,623.0,827.0,636.0,819.0,609.0,-0.02395,0.04771,-0.99857,-0.14771,0.04083,-0.98819,4.131,4.394,sober
1013302562,2024/04/07,823.0,623.0,825.0,641.0,820.0,604.0,-0.02467,0.04937,-0.99848,-0.14751,0.03955,-0.98827,4.135,4.389,sober
1013319217,2024/04/07,813.0,624.0,818.0,660.0,809.0,588.0,-0.02678,0.05509,-0.99812,-0.15112,0.03471,-0.98791,4.154,4.386,sober
1013335872,2024/04/07,806.0,621.0,805.0,657.0,808.0,585.0,-0.03094,0.05409,-0.99806,-0.1515,0.03379,-0.98788,4.148,4.384,sober
1013352527,2024/04/07,810.0,622.0,810.0,641.0,809.0,603.0,-0.02937,0.04932,-0.99835,-0.15127,0.03928,-0.98771,4.126,4.379,sober
1013369181,2024/04/07,811.0,623.0,823.0,644.0,798.0,602.0,-0.02556,0.0505,-0.9984,-0.15453,0.03906,-0.98722,4.134,4.377,sober
1013385836,2024/04/07,800.0,623.0,810.0,651.0,789.0,595.0,-0.02951,0.05268,-0.99818,-0.15728,0.03691,-0.98686,4.135,4.37,sober
1013402491,2024/04/07,794.0,619.0,792.0,639.0,797.0,599.0,-0.0352,0.04869,-0.99819,-0.15527,0.03791,-0.98714,4.134,4.367,sober
1013419145,2024/04/07,792.0,643.0,792.0,660.0,791.0,626.0,-0.03512,0.0551,-0.99786,-0.15707,0.04606,-0.98651,4.127,4.403,sober
1013435800,2024/04/07,787.0,657.0,791.0,685.0,784.0,629.0,-0.03564,0.06258,-0.9974,-0.15928,0.04667,-0.98613,4.121,4.396,sober
1013452455,2024/04/07,800.0,624.0,798.0,652.0,802.0,596.0,-0.03349,0.05282,-0.99804,-0.1537,0.03693,-0.98743,4.1,4.353,sober
1013469109,2024/04/07,809.0,618.0,813.0,644.0,806.0,593.0,-0.0289,0.05049,-0.99831,-0.15268,0.03625,-0.98761,4.083,4.344,sober
1013485765,2024/04/07,804.0,620.0,811.0,643.0,798.0,597.0,-0.02925,0.05033,-0.9983,-0.15503,0.03758,-0.9872,4.085,4.331,sober
1013502420,2024/04/07,809.0,620.0,813.0,644.0,806.0,596.0,-0.02876,0.05094,-0.99829,-0.15269,0.03739,-0.98757,4.072,4.315,sober
1013519074,2024/04/07,1020.0,512.0,909.0,602.0,1131.0,421.0,-0.0002,0.03817,-0.99927,-0.05639,-0.01544,-0.99829,4.067,4.357,sober
1013535729,2024/04/07,1234.0,416.0,1033.0,533.0,1435.0,299.0,0.03565,0.01833,-0.9992,0.03384,-0.05129,-0.99811,4.153,4.332,sober
1013552384,2024/04/07,1469.0,246.0,1456.0,225.0,1481.0,268.0,0.15879,-0.07035,-0.9848,0.04575,-0.0576,-0.99729,4.111,4.23,sober
1013569038,2024/04/07,1536.0,167.0,1506.0,197.0,1566.0,138.0,0.17399,-0.07924,-0.98155,0.07142,-0.09735,-0.99268,4.053,4.234,sober
1013585692,2024/04/07,1548.0,158.0,1525.0,185.0,1571.0,131.0,0.1793,-0.08267,-0.98031,0.07281,-0.09926,-0.99239,4.029,4.227,sober
1013602347,2024/04/07,1545.0,167.0,1523.0,200.0,1566.0,133.0,0.17902,-0.07863,-0.9807,0.07166,-0.0989,-0.99251,3.992,4.193,sober
1013619002,2024/04/07,1543.0,163.0,1529.0,200.0,1556.0,126.0,0.18089,-0.07913,-0.98032,0.06886,-0.10168,-0.99243,3.975,4.146,sober
1013635656,2024/04/07,1544.0,160.0,1532.0,194.0,1557.0,126.0,0.18172,-0.08136,-0.97998,0.06915,-0.10226,-0.99235,3.956,4.091,sober
1013652311,2024/04/07,1552.0,160.0,1536.0,189.0,1568.0,132.0,0.18315,-0.08274,-0.9796,0.0726,-0.10065,-0.99227,3.938,4.119,sober
1013668966,2024/04/07,1556.0,157.0,1548.0,182.0,1564.0,133.0,0.18644,-0.08451,-0.97882,0.07148,-0.09971,-0.99245,3.905,4.092,sober
1013685620,2024/04/07,1557.0,154.0,1549.0,181.0,1566.0,127.0,0.18687,-0.08488,-0.97871,0.07214,-0.1014,-0.99223,3.89,4.061,sober
1013702275,2024/04/07,1555.0,154.0,1542.0,179.0,1567.0,130.0,0.18488,-0.08542,-0.97904,0.07248,-0.10071,-0.99227,3.886,4.042,sober
1013718930,2024/04/07,1553.0,159.0,1538.0,190.0,1568.0,128.0,0.18381,-0.08223,-0.97952,0.07262,-0.10128,-0.9922,3.882,4.026,sober
1013735584,2024/04/07,1558.0,160.0,1547.0,190.0,1568.0,130.0,0.18661,-0.08233,-0.97898,0.07283,-0.1009,-0.99223,3.86,4.008,sober
1013752239,2024/04/07,1560.0,148.0,1553.0,168.0,1567.0,127.0,0.18819,-0.08893,-0.9781,0.07241,-0.10172,-0.99217,3.84,3.996,sober
1013768894,2024/04/07,1538.0,122.0,1523.0,147.0,1552.0,97.0,0.17973,-0.0956,-0.97906,0.06819,-0.11085,-0.9915,3.827,3.985,sober
1013785548,2024/04/07,1527.0,95.0,1524.0,114.0,1530.0,76.0,0.18001,-0.10541,-0.978,0.06174,-0.11755,-0.99115,3.819,3.966,sober
1013802203,2024/04/07,1528.0,102.0,1528.0,117.0,1528.0,87.0,0.18095,-0.10437,-0.97794,0.06089,-0.11422,-0.99159,3.8,3.953,sober
1013818858,2024/04/07,1519.0,109.0,1513.0,127.0,1525.0,92.0,0.17649,-0.10164,-0.97904,0.0601,-0.11241,-0.99184,3.789,3.944,sober
1013835512,2024/04/07,1519.0,109.0,1513.0,126.0,1525.0,91.0,0.17667,-0.1019,-0.97898,0.06005,-0.1128,-0.9918,3.788,3.933,sober
1013852167,2024/04/07,1520.0,108.0,1513.0,131.0,1527.0,85.0,0.17659,-0.10056,-0.97913,0.06062,-0.11465,-0.99156,3.788,3.927,sober
1013868822,2024/04/07,1516.0,108.0,1507.0,130.0,1526.0,85.0,0.17513,-0.10079,-0.97937,0.06046,-0.11485,-0.99154,3.79,3.929,sober
1013885477,2024/04/07,1520.0,106.0,1511.0,131.0,1529.0,81.0,0.17629,-0.10048,-0.9792,0.06159,-0.11588,-0.99135,3.78,3.928,sober
1013902131,2024/04/07,1522.0,101.0,1514.0,122.0,1529.0,79.0,0.17694,-0.10317,-0.9788,0.06158,-0.11649,-0.99128,3.782,3.924,sober
1013918786,2024/04/07,1520.0,101.0,1513.0,121.0,1527.0,81.0,0.17682,-0.10348,-0.97879,0.06086,-0.11599,-0.99138,3.79,3.922,sober
1013935441,2024/04/07,1522.0,104.0,1512.0,129.0,1531.0,79.0,0.17648,-0.10111,-0.9791,0.06218,-0.1164,-0.99125,3.788,3.933,sober
1013952095,2024/04/07,1516.0,104.0,1506.0,126.0,1527.0,83.0,0.17464,-0.10224,-0.97931,0.06083,-0.11553,-0.99144,3.796,3.948,sober
1013968750,2024/04/07,1511.0,106.0,1500.0,127.0,1521.0,84.0,0.17307,-0.10193,-0.97962,0.05912,-0.11519,-0.99158,3.807,3.955,sober
1013985405,2024/04/07,1531.0,98.0,1539.0,110.0,1522.0,86.0,0.18401,-0.10658,-0.97713,0.05932,-0.1144,-0.99166,3.817,3.963,sober
1014002059,2024/04/07,1530.0,97.0,1540.0,107.0,1519.0,86.0,0.18363,-0.10651,-0.97721,0.05783,-0.11336,-0.99187,3.826,3.984,sober
1014018714,2024/04/07,1506.0,102.0,1506.0,118.0,1506.0,86.0,0.17376,-0.10295,-0.97939,0.05369,-0.11266,-0.99218,3.836,4.007,sober
1014035369,2024/04/07,1481.0,98.0,1473.0,113.0,1488.0,83.0,0.16447,-0.10462,-0.98082,0.04833,-0.11377,-0.99233,3.862,4.034,sober
1014052023,2024/04/07,1462.0,102.0,1453.0,116.0,1471.0,89.0,0.15858,-0.10397,-0.98186,0.04343,-0.11223,-0.99273,3.885,4.043,sober
1014068678,2024/04/07,1460.0,101.0,1449.0,118.0,1471.0,84.0,0.15744,-0.10329,-0.98211,0.0432,-0.11345,-0.9926,3.901,4.062,sober
1014085333,2024/04/07,1459.0,99.0,1442.0,126.0,1477.0,71.0,0.15536,-0.10075,-0.98271,0.04486,-0.11731,-0.99208,3.912,4.099,sober
1014101987,2024/04/07,1461.0,97.0,1446.0,123.0,1476.0,71.0,0.15654,-0.10163,-0.98243,0.04447,-0.11722,-0.99211,3.931,4.123,sober
1014118642,2024/04/07,1458.0,97.0,1449.0,118.0,1467.0,77.0,0.15711,-0.10312,-0.98218,0.04172,-0.11579,-0.9924,3.941,4.108,sober
1014135297,2024/04/07,1460.0,90.0,1452.0,112.0,1468.0,67.0,0.15798,-0.10483,-0.98186,0.04199,-0.11861,-0.99205,3.958,4.158,sober
1014151952,2024/04/07,1463.0,89.0,1458.0,111.0,1468.0,67.0,0.15964,-0.10461,-0.98162,0.04202,-0.11838,-0.99208,3.988,4.158,sober
1014168605,2024/04/07,1457.0,109.0,1457.0,109.0,nan,nan,0.15899,-0.10514,-0.98167,nan,nan,nan,4.01,nan,sober
1014185260,2024/04/07,1477.0,65.0,1456.0,104.0,1497.0,26.0,0.15877,-0.10655,-0.98155,0.04978,-0.13048,-0.9902,4.025,4.262,sober
1014201915,2024/04/07,1469.0,73.0,1456.0,102.0,1482.0,44.0,0.15924,-0.10668,-0.98146,0.04586,-0.12448,-0.99116,4.04,4.266,sober
1014218569,2024/04/07,1466.0,79.0,1456.0,100.0,1476.0,57.0,0.15894,-0.10709,-0.98146,0.04405,-0.12027,-0.99176,4.053,4.302,sober
1014235224,2024/04/07,1467.0,75.0,1456.0,97.0,1478.0,54.0,0.15915,-0.10791,-0.98134,0.04461,-0.12129,-0.99161,4.075,4.326,sober
1014251879,2024/04/07,1468.0,68.0,1459.0,83.0,1477.0,52.0,0.15988,-0.11185,-0.98078,0.04435,-0.12171,-0.99157,4.097,4.345,sober
1014268533,2024/04/07,1469.0,73.0,1460.0,89.0,1478.0,57.0,0.16013,-0.11011,-0.98094,0.04477,-0.12025,-0.99173,4.121,4.364,sober
1014285188,2024/04/07,1470.0,79.0,1461.0,97.0,1479.0,61.0,0.16057,-0.10777,-0.98112,0.0452,-0.11899,-0.99187,4.139,4.384,sober
1014301843,2024/04/07,1470.0,74.0,1461.0,91.0,1480.0,57.0,0.16045,-0.10948,-0.98095,0.04541,-0.12004,-0.99173,4.149,4.405,sober
1014318497,2024/04/07,1470.0,69.0,1465.0,90.0,1476.0,47.0,0.16151,-0.10952,-0.98077,0.04433,-0.12272,-0.99145,4.155,4.427,sober
1014335152,2024/04/07,1472.0,64.0,1467.0,86.0,1477.0,43.0,0.16212,-0.11044,-0.98057,0.04472,-0.12388,-0.99129,4.173,4.45,sober
1014351807,2024/04/07,1470.0,66.0,1462.0,87.0,1478.0,45.0,0.16064,-0.11036,-0.98082,0.04482,-0.12321,-0.99137,4.184,4.477,sober
1014368461,2024/04/07,1470.0,68.0,1462.0,87.0,1478.0,49.0,0.16075,-0.11021,-0.98082,0.04506,-0.12185,-0.99153,4.198,4.497,sober
1014385116,2024/04/07,1483.0,54.0,1465.0,84.0,1502.0,25.0,0.16145,-0.11128,-0.98059,0.05191,-0.12909,-0.99027,4.212,4.522,sober
1014401771,2024/04/07,1485.0,53.0,1470.0,81.0,1501.0,25.0,0.16275,-0.11137,-0.98036,0.0514,-0.1284,-0.99039,4.234,4.541,sober
1014418426,2024/04/07,1467.0,67.0,1459.0,83.0,1476.0,51.0,0.15951,-0.11075,-0.98096,0.04382,-0.121,-0.99169,4.255,4.563,sober
1014435080,2024/04/07,1470.0,65.0,1466.0,80.0,1475.0,49.0,0.16148,-0.11197,-0.9805,0.04375,-0.12156,-0.99162,4.273,4.585,sober
1014451735,2024/04/07,1478.0,54.0,1471.0,81.0,1486.0,28.0,0.16293,-0.11182,-0.98028,0.04693,-0.1282,-0.99064,4.286,4.6,sober
1014468390,2024/04/07,1479.0,55.0,1472.0,80.0,1486.0,29.0,0.16327,-0.11218,-0.98018,0.04692,-0.12797,-0.99067,4.304,4.618,sober
1014485044,2024/04/07,1472.0,62.0,1467.0,77.0,1478.0,47.0,0.16167,-0.1132,-0.98033,0.04452,-0.1229,-0.99142,4.308,4.636,sober
1014501699,2024/04/07,1470.0,62.0,1463.0,83.0,1477.0,41.0,0.16086,-0.112,-0.9806,0.04429,-0.12492,-0.99118,4.316,4.655,sober
1014518354,2024/04/07,1468.0,67.0,1464.0,92.0,1473.0,42.0,0.16118,-0.10961,-0.98082,0.04315,-0.12487,-0.99123,4.324,4.671,sober
1014535008,2024/04/07,1467.0,68.0,1466.0,89.0,1469.0,48.0,0.16173,-0.11068,-0.98061,0.04212,-0.12364,-0.99143,4.333,4.684,sober
1014551663,2024/04/07,1471.0,69.0,1468.0,87.0,1473.0,52.0,0.16265,-0.11154,-0.98036,0.04348,-0.1225,-0.99152,4.346,4.699,sober
1014568318,2024/04/07,1467.0,71.0,1461.0,90.0,1473.0,52.0,0.16046,-0.1106,-0.98083,0.04347,-0.12246,-0.99152,4.353,4.709,sober
1014584972,2024/04/07,1466.0,70.0,1456.0,92.0,1475.0,48.0,0.15912,-0.1103,-0.98108,0.04408,-0.12395,-0.99131,4.364,4.719,sober
1014601627,2024/04/07,1465.0,76.0,1454.0,99.0,1476.0,52.0,0.15846,-0.10801,-0.98144,0.04435,-0.12268,-0.99146,4.373,4.729,sober
1014618282,2024/04/07,1457.0,81.0,1446.0,106.0,1467.0,56.0,0.1564,-0.10653,-0.98193,0.04179,-0.12178,-0.99168,4.364,4.733,sober
1014634936,2024/04/07,1458.0,81.0,1450.0,105.0,1466.0,56.0,0.15756,-0.10693,-0.9817,0.04157,-0.12205,-0.99165,4.37,4.74,sober
1014651591,2024/04/07,1466.0,76.0,1454.0,98.0,1478.0,55.0,0.15867,-0.10934,-0.98126,0.04492,-0.12274,-0.99142,4.382,4.747,sober
1014668246,2024/04/07,1462.0,84.0,1447.0,108.0,1478.0,60.0,0.15651,-0.1066,-0.98191,0.04485,-0.12146,-0.99158,4.391,4.748,sober
1014684901,2024/04/07,1453.0,189.0,1452.0,196.0,1454.0,183.0,0.1585,-0.08127,-0.98401,0.03797,-0.08536,-0.99563,4.411,4.743,sober
1014701555,2024/04/07,1445.0,289.0,1447.0,288.0,1442.0,291.0,0.15607,-0.05448,-0.98624,0.03361,-0.05372,-0.99799,4.477,4.761,sober
1014718210,2024/04/07,nan,nan,nan,nan,nan,nan,nan,nan,nan,nan,nan,nan,nan,nan,sober
1014734865,2024/04/07,910.0,1039.0,894.0,1035.0,926.0,1044.0,-0.00682,0.1663,-0.98605,-0.11646,0.16834,-0.97882,4.343,4.747,sober
1014751518,2024/04/07,914.0,1031.0,903.0,1029.0,925.0,1033.0,-0.0033,0.16371,-0.9865,-0.11654,0.16447,-0.97947,4.425,4.789,sober
1014768173,2024/04/07,918.0,1030.0,911.0,1025.0,925.0,1036.0,-0.00111,0.16263,-0.98669,-0.11693,0.1653,-0.97929,4.467,4.785,sober
1014784828,2024/04/07,918.0,1038.0,913.0,1023.0,923.0,1053.0,-0.0003,0.16205,-0.98678,-0.1174,0.17033,-0.97837,4.457,4.806,sober
1014801482,2024/04/07,920.0,1038.0,923.0,1027.0,918.0,1050.0,0.00272,0.16288,-0.98664,-0.11886,0.16933,-0.97837,4.476,4.821,sober
1014818137,2024/04/07,921.0,1035.0,925.0,1030.0,917.0,1041.0,0.00338,0.16378,-0.98649,-0.11915,0.16688,-0.97875,4.509,4.815,sober
1014834792,2024/04/07,923.0,1035.0,929.0,1029.0,916.0,1041.0,0.00475,0.16373,-0.98649,-0.11956,0.16694,-0.97869,4.532,4.826,sober
1014851446,2024/04/07,925.0,1041.0,931.0,1025.0,918.0,1057.0,0.0053,0.16256,-0.98668,-0.11896,0.17136,-0.978,4.533,4.861,sober
1014868101,2024/04/07,924.0,1038.0,931.0,1022.0,917.0,1054.0,0.00521,0.16155,-0.98685,-0.11928,0.17051,-0.97811,4.538,4.866,sober
1014884756,2024/04/07,922.0,1031.0,926.0,1023.0,918.0,1039.0,0.00375,0.1618,-0.98682,-0.11922,0.16622,-0.97886,4.536,4.866,sober
1014901410,2024/04/07,924.0,1034.0,927.0,1030.0,922.0,1038.0,0.00407,0.16356,-0.98652,-0.11793,0.16582,-0.97908,4.532,4.875,sober
1014918065,2024/04/07,930.0,1033.0,923.0,1034.0,936.0,1032.0,0.00298,0.16474,-0.98633,-0.11379,0.164,-0.97988,4.521,4.888,sober
1014934720,2024/04/07,925.0,1033.0,917.0,1034.0,933.0,1031.0,0.00116,0.16491,-0.98631,-0.11472,0.16391,-0.97978,4.497,4.872,sober
1014951375,2024/04/07,941.0,1037.0,936.0,1031.0,945.0,1042.0,0.0067,0.16407,-0.98643,-0.11124,0.16703,-0.97966,4.474,4.825,sober
1014968029,2024/04/07,1058.0,1041.0,1056.0,1040.0,1061.0,1041.0,0.04204,0.1667,-0.98511,-0.07768,0.16754,-0.9828,4.414,4.773,sober
1014984684,2024/04/07,1132.0,1034.0,1120.0,1046.0,1143.0,1022.0,0.06066,0.16831,-0.98387,-0.05366,0.16249,-0.98525,4.379,4.701,sober
1015001339,2024/04/07,1141.0,1032.0,1134.0,1047.0,1147.0,1016.0,0.06522,0.16864,-0.98352,-0.05215,0.16067,-0.98563,4.348,4.67,sober
1015017993,2024/04/07,1135.0,1031.0,1134.0,1042.0,1135.0,1020.0,0.06513,0.16729,-0.98375,-0.05555,0.16189,-0.98524,4.306,4.619,sober
1015034648,2024/04/07,1135.0,1034.0,1137.0,1042.0,1133.0,1025.0,0.06615,0.16731,-0.98368,-0.0562,0.16354,-0.98494,4.24,4.548,sober
1015051303,2024/04/07,1145.0,1032.0,1147.0,1040.0,1143.0,1024.0,0.06918,0.16655,-0.9836,-0.05331,0.16292,-0.9852,4.211,4.497,sober
1015067957,2024/04/07,1143.0,1029.0,1144.0,1037.0,1141.0,1020.0,0.06825,0.16584,-0.98379,-0.05393,0.16197,-0.98532,4.17,4.444,sober
1015084612,2024/04/07,1138.0,1029.0,1141.0,1050.0,1135.0,1009.0,0.06705,0.16959,-0.98323,-0.05589,0.15834,-0.9858,4.146,4.404,sober
1015101267,2024/04/07,1140.0,1028.0,1143.0,1052.0,1136.0,1004.0,0.06778,0.16998,-0.98311,-0.05579,0.1567,-0.98607,4.114,4.353,sober
1015117921,2024/04/07,1151.0,1027.0,1153.0,1043.0,1149.0,1011.0,0.07048,0.16718,-0.9834,-0.05189,0.15885,-0.98594,4.075,4.323,sober
1015134576,2024/04/07,1150.0,1028.0,1152.0,1043.0,1148.0,1014.0,0.07031,0.16723,-0.98341,-0.05211,0.15961,-0.9858,4.042,4.29,sober
1015151231,2024/04/07,1141.0,1032.0,1151.0,1044.0,1131.0,1020.0,0.06989,0.16756,-0.98338,-0.05731,0.16135,-0.98523,4.039,4.272,sober
1015167885,2024/04/07,1139.0,1033.0,1148.0,1043.0,1129.0,1022.0,0.06874,0.16716,-0.98353,-0.05787,0.1619,-0.98511,4.028,4.259,sober
1015184540,2024/04/07,1145.0,1032.0,1147.0,1047.0,1142.0,1017.0,0.06848,0.16839,-0.98334,-0.05417,0.16042,-0.98556,4.018,4.246,sober
1015201195,2024/04/07,1147.0,1031.0,1147.0,1047.0,1146.0,1015.0,0.06833,0.1683,-0.98336,-0.05297,0.16006,-0.98569,4.003,4.231,sober
1015217850,2024/04/07,1139.0,1035.0,1141.0,1046.0,1138.0,1024.0,0.0665,0.16815,-0.98352,-0.05562,0.16262,-0.98512,3.999,4.223,sober
1015234504,2024/04/07,1141.0,1035.0,1149.0,1041.0,1134.0,1030.0,0.06868,0.16638,-0.98367,-0.05687,0.16401,-0.98482,3.996,4.218,sober
1015251159,2024/04/07,1144.0,1030.0,1149.0,1038.0,1139.0,1022.0,0.0686,0.1655,-0.98382,-0.05539,0.16182,-0.98526,3.991,4.211,sober
1015267814,2024/04/07,1143.0,1029.0,1147.0,1040.0,1138.0,1019.0,0.06803,0.16643,-0.9837,-0.05575,0.16116,-0.98535,3.999,4.205,sober
1015284468,2024/04/07,1148.0,1029.0,1154.0,1040.0,1141.0,1018.0,0.07008,0.16653,-0.98354,-0.05492,0.16089,-0.98544,3.989,4.208,sober
1015301123,2024/04/07,1147.0,1031.0,1150.0,1044.0,1144.0,1018.0,0.06855,0.16766,-0.98346,-0.05429,0.16073,-0.9855,3.979,4.201,sober
1015317777,2024/04/07,1145.0,1035.0,1148.0,1040.0,1142.0,1029.0,0.06801,0.16656,-0.98368,-0.05488,0.16397,-0.98494,3.985,4.201,sober
1015334431,2024/04/07,1146.0,1035.0,1149.0,1038.0,1143.0,1032.0,0.06803,0.16583,-0.9838,-0.05476,0.16487,-0.98479,3.99,4.209,sober
1015351086,2024/04/07,1142.0,1031.0,1147.0,1035.0,1136.0,1026.0,0.06761,0.16497,-0.98398,-0.05688,0.16303,-0.98498,4.002,4.212,sober
1015367741,2024/04/07,1140.0,1030.0,1146.0,1035.0,1134.0,1024.0,0.06714,0.16494,-0.98402,-0.05761,0.16247,-0.98503,4.004,4.219,sober
1015384395,2024/04/07,1141.0,1032.0,1141.0,1042.0,1141.0,1022.0,0.06554,0.16694,-0.98379,-0.05541,0.16185,-0.98526,4.005,4.229,sober
1015401050,2024/04/07,1141.0,1029.0,1139.0,1041.0,1143.0,1017.0,0.06475,0.16679,-0.98386,-0.05514,0.16056,-0.98549,4.021,4.241,sober
1015417705,2024/04/07,1137.0,1028.0,1148.0,1037.0,1126.0,1019.0,0.06736,0.16591,-0.98384,-0.06016,0.16124,-0.98508,4.03,4.249,sober
1015434359,2024/04/07,1143.0,1029.0,1157.0,1039.0,1129.0,1019.0,0.0701,0.16625,-0.98359,-0.05923,0.1611,-0.98516,4.035,4.264,sober
1015451014,2024/04/07,1144.0,1022.0,1157.0,1034.0,1132.0,1011.0,0.07,0.16485,-0.98383,-0.0587,0.1586,-0.9856,4.041,4.275,sober
1015467669,2024/04/07,1138.0,1024.0,1148.0,1033.0,1129.0,1014.0,0.06702,0.16461,-0.98408,-0.05968,0.15949,-0.98539,4.054,4.288,sober
1015484324,2024/04/07,1138.0,1031.0,1142.0,1036.0,1133.0,1027.0,0.06522,0.16517,-0.98411,-0.05839,0.16325,-0.98486,4.065,4.289,sober
1015500978,2024/04/07,1144.0,1028.0,1152.0,1033.0,1136.0,1023.0,0.06802,0.16432,-0.98406,-0.05774,0.16195,-0.98511,4.071,4.3,sober
1015517633,2024/04/07,1140.0,1030.0,1143.0,1034.0,1136.0,1027.0,0.0654,0.16461,-0.98419,-0.05765,0.16292,-0.98495,4.085,4.316,sober
1015534288,2024/04/07,1135.0,1035.0,1135.0,1038.0,1136.0,1031.0,0.06307,0.16592,-0.98412,-0.05792,0.16436,-0.9847,4.096,4.33,sober
1015550942,2024/04/07,1141.0,1032.0,1142.0,1036.0,1141.0,1028.0,0.06501,0.16555,-0.98406,-0.05643,0.16342,-0.98494,4.088,4.338,sober
1015567597,2024/04/07,1146.0,1031.0,1148.0,1038.0,1143.0,1025.0,0.06698,0.16575,-0.98389,-0.05573,0.16233,-0.98516,4.093,4.346,sober
1015584252,2024/04/07,1149.0,1035.0,1148.0,1041.0,1150.0,1028.0,0.06696,0.16661,-0.98375,-0.05353,0.16322,-0.98514,4.094,4.362,sober
1015600906,2024/04/07,1149.0,1040.0,1148.0,1043.0,1150.0,1036.0,0.06688,0.16705,-0.98368,-0.05342,0.16551,-0.98476,4.097,4.371,sober
1015617561,2024/04/07,1148.0,1033.0,1149.0,1042.0,1147.0,1024.0,0.06742,0.16663,-0.98371,-0.05426,0.16189,-0.98532,4.096,4.376,sober
1015634216,2024/04/07,1150.0,1029.0,1154.0,1037.0,1146.0,1021.0,0.06882,0.16543,-0.98382,-0.05446,0.16096,-0.98546,4.088,4.382,sober
1015650870,2024/04/07,1150.0,1029.0,1153.0,1030.0,1147.0,1027.0,0.06889,0.16351,-0.98413,-0.0542,0.16295,-0.98514,4.089,4.379,sober
1015667525,2024/04/07,1148.0,1026.0,1146.0,1027.0,1150.0,1025.0,0.06667,0.16274,-0.98441,-0.05309,0.16251,-0.98528,4.086,4.376,sober
1015684180,2024/04/07,1151.0,1028.0,1144.0,1034.0,1158.0,1023.0,0.06608,0.1647,-0.98413,-0.05079,0.16184,-0.98551,4.085,4.374,sober
1015700834,2024/04/07,1152.0,1028.0,1147.0,1035.0,1158.0,1021.0,0.06691,0.16512,-0.984,-0.05082,0.16133,-0.98559,4.087,4.373,sober
1015717489,2024/04/07,1154.0,1026.0,1154.0,1029.0,1154.0,1023.0,0.06899,0.16334,-0.98415,-0.0521,0.16186,-0.98544,4.093,4.379,sober
1015734144,2024/04/07,1153.0,1022.0,1153.0,1028.0,1152.0,1017.0,0.06886,0.16287,-0.98424,-0.05247,0.16013,-0.9857,4.094,4.386,sober
1015750799,2024/04/07,1286.0,1073.0,1153.0,1032.0,1419.0,1115.0,0.06877,0.16407,-0.98405,0.02619,0.18806,-0.98181,4.093,4.42,sober
1015767453,2024/04/07,1452.0,1139.0,1155.0,1037.0,1750.0,1240.0,0.07031,0.16571,-0.98366,0.12453,0.22249,-0.96695,4.103,4.504,sober
1015784108,2024/04/07,1443.0,1146.0,1140.0,1046.0,1745.0,1246.0,0.06488,0.16802,-0.98365,0.12195,0.22377,-0.96698,4.1,4.505,sober
1015800763,2024/04/07,1282.0,1082.0,1144.0,1041.0,1420.0,1123.0,0.06702,0.16654,-0.98375,0.02896,0.19056,-0.98125,4.101,4.434,sober
1015817417,2024/04/07,1147.0,1037.0,1151.0,1033.0,1144.0,1041.0,0.06798,0.16443,-0.98404,-0.05434,0.16713,-0.98444,4.117,4.418,sober
1015834072,2024/04/07,1148.0,1037.0,1149.0,1030.0,1147.0,1044.0,0.06769,0.1635,-0.98422,-0.05344,0.16769,-0.98439,4.139,4.439,sober
1015850727,2024/04/07,1148.0,1028.0,1148.0,1037.0,1147.0,1019.0,0.0677,0.16531,-0.98392,-0.05342,0.16032,-0.98562,4.147,4.461,sober
1015867381,2024/04/07,1148.0,1028.0,1147.0,1037.0,1148.0,1019.0,0.06757,0.16535,-0.98392,-0.05309,0.16065,-0.98558,4.163,4.483,sober
1015884036,2024/04/07,1154.0,1027.0,1147.0,1035.0,1160.0,1018.0,0.06779,0.16475,-0.984,-0.04927,0.16039,-0.98582,4.181,4.5,sober
1015900690,2024/04/07,1153.0,1029.0,1149.0,1041.0,1156.0,1018.0,0.06835,0.16649,-0.98367,-0.05058,0.16053,-0.98573,4.215,4.525,sober
1015917344,2024/04/07,1152.0,1026.0,1155.0,1030.0,1149.0,1023.0,0.07037,0.16341,-0.98404,-0.05271,0.16188,-0.9854,4.236,4.546,sober
1015933999,2024/04/07,1154.0,1022.0,1156.0,1023.0,1152.0,1021.0,0.07065,0.16126,-0.98438,-0.05181,0.1614,-0.98553,4.263,4.581,sober
1015950654,2024/04/07,1150.0,1025.0,1150.0,1031.0,1150.0,1019.0,0.06884,0.16351,-0.98414,-0.05229,0.16092,-0.98558,4.287,4.608,sober
1015967308,2024/04/07,1148.0,1026.0,1147.0,1034.0,1149.0,1018.0,0.0679,0.16454,-0.98403,-0.0526,0.1606,-0.98562,4.328,4.641,sober
1015983963,2024/04/07,1157.0,1027.0,1155.0,1032.0,1158.0,1021.0,0.07053,0.16404,-0.98393,-0.04979,0.16153,-0.98561,4.361,4.682,sober
1016000618,2024/04/07,1156.0,1026.0,1152.0,1032.0,1159.0,1019.0,0.06972,0.16414,-0.98397,-0.04974,0.16109,-0.98569,4.404,4.713,sober
1016017273,2024/04/07,1151.0,1024.0,1147.0,1036.0,1156.0,1012.0,0.06825,0.16541,-0.98386,-0.05064,0.15914,-0.98596,4.418,4.726,sober
1016033927,2024/04/07,1155.0,1027.0,1153.0,1038.0,1157.0,1015.0,0.07005,0.1661,-0.98362,-0.05002,0.16018,-0.98582,4.453,4.761,sober
1016050582,2024/04/07,1152.0,1030.0,1155.0,1042.0,1149.0,1018.0,0.07072,0.1671,-0.9834,-0.05249,0.16108,-0.98554,4.484,4.792,sober
1016067237,2024/04/07,1153.0,1028.0,1159.0,1038.0,1148.0,1018.0,0.07193,0.16604,-0.98349,-0.0526,0.16097,-0.98556,4.524,4.823,sober
1016083891,2024/04/07,1157.0,1028.0,1155.0,1039.0,1159.0,1017.0,0.07098,0.16643,-0.98349,-0.04945,0.16078,-0.98575,4.532,4.853,sober
1016100546,2024/04/07,1154.0,1030.0,1150.0,1047.0,1158.0,1013.0,0.06943,0.16889,-0.98319,-0.04966,0.15977,-0.9859,4.553,4.882,sober
1016117201,2024/04/07,1154.0,1021.0,1158.0,1033.0,1150.0,1009.0,0.07175,0.1649,-0.9837,-0.05195,0.15878,-0.98595,4.584,4.903,sober
1016133855,2024/04/07,1155.0,1023.0,1161.0,1033.0,1150.0,1013.0,0.07273,0.16491,-0.98362,-0.05209,0.15993,-0.98575,4.618,4.929,sober
1016150510,2024/04/07,1158.0,1023.0,1157.0,1043.0,1158.0,1004.0,0.07167,0.16763,-0.98324,-0.04943,0.15728,-0.98632,4.629,4.967,sober
1016167165,2024/04/07,1159.0,1024.0,1157.0,1044.0,1161.0,1003.0,0.07166,0.1681,-0.98316,-0.04868,0.15716,-0.98637,4.666,4.993,sober
1016183819,2024/04/07,1150.0,1027.0,1152.0,1037.0,1149.0,1018.0,0.0701,0.16591,-0.98365,-0.05226,0.16132,-0.98552,4.694,5.004,sober
1016200474,2024/04/07,1147.0,1025.0,1147.0,1034.0,1146.0,1015.0,0.0689,0.16504,-0.98388,-0.05302,0.1604,-0.98563,4.72,5.029,sober
1016217129,2024/04/07,1152.0,1030.0,1156.0,1040.0,1147.0,1019.0,0.07157,0.16676,-0.9834,-0.05256,0.16159,-0.98546,4.743,5.045,sober
1016233783,2024/04/07,1157.0,1031.0,1168.0,1041.0,1146.0,1022.0,0.07509,0.16694,-0.9831,-0.05282,0.16248,-0.9853,4.758,5.063,sober
1016250438,2024/04/07,1156.0,1030.0,1162.0,1043.0,1150.0,1018.0,0.07342,0.16747,-0.98314,-0.05156,0.16122,-0.98557,4.761,5.081,sober
1016267093,2024/04/07,1154.0,1030.0,1158.0,1043.0,1150.0,1017.0,0.07249,0.16766,-0.98318,-0.05161,0.161,-0.9856,4.785,5.099,sober
1016283748,2024/04/07,1146.0,1030.0,1159.0,1038.0,1133.0,1022.0,0.07274,0.16617,-0.98341,-0.05653,0.16262,-0.98507,4.798,5.117,sober
1016300402,2024/04/07,1145.0,1032.0,1156.0,1042.0,1134.0,1021.0,0.07213,0.16741,-0.98324,-0.05605,0.16239,-0.98513,4.81,5.129,sober
1016317057,2024/04/07,1156.0,1027.0,1159.0,1046.0,1153.0,1008.0,0.07313,0.16824,-0.98303,-0.0504,0.15855,-0.98606,4.808,5.132,sober
1016333712,2024/04/07,1153.0,1024.0,1154.0,1039.0,1153.0,1010.0,0.07154,0.16617,-0.9835,-0.05044,0.15902,-0.98599,4.822,5.147,sober
1016350366,2024/04/07,1154.0,1028.0,1154.0,1040.0,1154.0,1016.0,0.0715,0.16672,-0.98341,-0.05006,0.16062,-0.98575,4.834,5.156,sober
1016367021,2024/04/07,1154.0,1027.0,1157.0,1041.0,1152.0,1014.0,0.07224,0.1669,-0.98332,-0.05079,0.16009,-0.9858,4.84,5.174,sober
1016383676,2024/04/07,1153.0,1027.0,1156.0,1037.0,1150.0,1017.0,0.07202,0.16573,-0.98354,-0.05135,0.16102,-0.98561,4.85,5.188,sober
1016400330,2024/04/07,1150.0,1027.0,1153.0,1039.0,1147.0,1015.0,0.0713,0.16631,-0.98349,-0.05214,0.16049,-0.98566,4.858,5.2,sober
1016416985,2024/04/07,1149.0,1026.0,1156.0,1037.0,1142.0,1015.0,0.07203,0.16564,-0.98355,-0.0536,0.16039,-0.9856,4.864,5.205,sober
1016433640,2024/04/07,1152.0,1024.0,1157.0,1035.0,1146.0,1014.0,0.0724,0.16501,-0.98363,-0.05234,0.15991,-0.98574,4.87,5.213,sober
1016450294,2024/04/07,1147.0,1022.0,1157.0,1029.0,1138.0,1014.0,0.07233,0.16343,-0.9839,-0.05493,0.15999,-0.98559,4.88,5.235,sober
1016466949,2024/04/07,1148.0,1021.0,1163.0,1031.0,1133.0,1011.0,0.07445,0.16397,-0.98365,-0.05631,0.15914,-0.98565,4.883,5.243,sober
1016483603,2024/04/07,1152.0,1008.0,1151.0,1037.0,1153.0,980.0,0.07093,0.16575,-0.98361,-0.05002,0.15035,-0.98737,4.866,5.254,sober
1016500257,2024/04/07,1085.0,915.0,1001.0,878.0,1169.0,952.0,0.02725,0.12018,-0.99238,-0.04522,0.14244,-0.98877,4.886,5.29,sober
1016516912,2024/04/07,838.0,695.0,838.0,695.0,nan,nan,-0.02018,0.0662,-0.9976,nan,nan,nan,4.931,nan,sober
1016533567,2024/04/07,638.0,489.0,645.0,518.0,631.0,461.0,-0.07889,0.01219,-0.99681,-0.20264,-0.00357,-0.97925,4.878,5.245,sober
1016550222,2024/04/07,627.0,481.0,619.0,498.0,635.0,463.0,-0.08701,0.00548,-0.99619,-0.20178,-0.00364,-0.97942,4.863,5.3,sober
1016566876,2024/04/07,628.0,486.0,627.0,502.0,628.0,470.0,-0.08474,0.00666,-0.99638,-0.2038,-0.00139,-0.97901,4.848,5.279,sober
1016583531,2024/04/07,625.0,486.0,632.0,498.0,618.0,474.0,-0.08277,0.00574,-0.99655,-0.20607,0.00013,-0.97854,4.829,5.204,sober
1016600186,2024/04/07,626.0,482.0,637.0,500.0,614.0,463.0,-0.08165,0.00651,-0.99664,-0.20739,-0.00325,-0.97825,4.826,5.205,sober
1016616840,2024/04/07,636.0,492.0,645.0,509.0,628.0,475.0,-0.07878,0.00909,-0.99685,-0.20275,-0.0,-0.97923,4.839,5.282,sober
1016633495,2024/04/07,636.0,490.0,645.0,505.0,627.0,475.0,-0.07972,0.00831,-0.99678,-0.204,0.00058,-0.97897,4.842,5.281,sober
1016650150,2024/04/07,633.0,474.0,649.0,510.0,617.0,439.0,-0.07845,0.00994,-0.99687,-0.20706,-0.00999,-0.97828,4.853,5.248,sober
1016666804,2024/04/07,632.0,472.0,647.0,507.0,617.0,436.0,-0.0792,0.00914,-0.99682,-0.20721,-0.01066,-0.97824,4.839,5.233,sober
1016683459,2024/04/07,624.0,477.0,628.0,501.0,619.0,454.0,-0.08484,0.00754,-0.99637,-0.2064,-0.0053,-0.97845,4.791,5.201,sober
1016700114,2024/04/07,624.0,481.0,628.0,510.0,619.0,453.0,-0.08469,0.01048,-0.99635,-0.2066,-0.00562,-0.97841,4.758,5.168,sober
1016716768,2024/04/07,627.0,480.0,642.0,518.0,611.0,442.0,-0.08049,0.01274,-0.99667,-0.20873,-0.00854,-0.97794,4.75,5.129,sober
1016733423,2024/04/07,624.0,479.0,638.0,515.0,611.0,443.0,-0.08176,0.01189,-0.99658,-0.20873,-0.00835,-0.97794,4.701,5.082,sober
1016750078,2024/04/07,622.0,487.0,637.0,520.0,608.0,454.0,-0.08185,0.01351,-0.99655,-0.20956,-0.00494,-0.97778,4.674,5.02,sober
1016766732,2024/04/07,621.0,484.0,634.0,512.0,607.0,455.0,-0.08258,0.01133,-0.99652,-0.20965,-0.00459,-0.97776,4.615,4.963,sober
1016783387,2024/04/07,611.0,476.0,612.0,492.0,610.0,460.0,-0.08711,0.00742,-0.99617,-0.20684,-0.00102,-0.97837,4.504,4.901,sober
1016800042,2024/04/07,136.0,228.0,109.0,266.0,163.0,190.0,-0.23122,-0.05882,-0.97112,-0.32525,-0.07711,-0.94248,4.437,4.853,sober
1016816697,2024/04/07,129.0,207.0,113.0,240.0,145.0,175.0,-0.23066,-0.06771,-0.97068,-0.33036,-0.08262,-0.94023,4.467,4.849,sober
1016833351,2024/04/07,122.0,205.0,125.0,225.0,119.0,186.0,-0.22687,-0.07147,-0.9713,-0.33648,-0.07873,-0.93839,4.405,4.779,sober
1016850006,2024/04/07,123.0,213.0,129.0,226.0,117.0,200.0,-0.2256,-0.07119,-0.97162,-0.337,-0.07453,-0.93855,4.368,4.704,sober
1016866661,2024/04/07,122.0,211.0,124.0,222.0,121.0,199.0,-0.22679,-0.07236,-0.97125,-0.33576,-0.07472,-0.93898,4.314,4.657,sober
1016883315,2024/04/07,123.0,213.0,117.0,224.0,128.0,203.0,-0.22837,-0.07171,-0.97093,-0.33399,-0.07374,-0.93969,4.274,4.608,sober
1016899970,2024/04/07,118.0,214.0,109.0,225.0,128.0,203.0,-0.23062,-0.07136,-0.97042,-0.33381,-0.07355,-0.93977,4.225,4.555,sober
1016916625,2024/04/07,117.0,212.0,105.0,220.0,129.0,204.0,-0.23122,-0.07284,-0.97017,-0.33335,-0.0731,-0.93997,4.176,4.5,sober
1016933279,2024/04/07,114.0,215.0,102.0,223.0,127.0,206.0,-0.23179,-0.07161,-0.97013,-0.33366,-0.07251,-0.9399,4.124,4.446,sober
1016949934,2024/04/07,113.0,213.0,103.0,223.0,124.0,204.0,-0.23136,-0.07167,-0.97022,-0.33392,-0.073,-0.93977,4.09,4.392,sober
1016966589,2024/04/07,112.0,212.0,99.0,220.0,125.0,205.0,-0.23196,-0.07222,-0.97004,-0.33348,-0.07236,-0.93997,4.045,4.336,sober
1016983243,2024/04/07,110.0,213.0,99.0,219.0,121.0,208.0,-0.23162,-0.07227,-0.97012,-0.33416,-0.07137,-0.93981,4.01,4.286,sober
1016999898,2024/04/07,115.0,215.0,103.0,221.0,127.0,209.0,-0.2302,-0.07171,-0.9705,-0.3324,-0.07089,-0.94047,3.968,4.24,sober
1017016553,2024/04/07,115.0,214.0,104.0,232.0,127.0,197.0,-0.23014,-0.06852,-0.97074,-0.33231,-0.0742,-0.94025,3.939,4.204,sober
1017033207,2024/04/07,118.0,215.0,109.0,234.0,127.0,196.0,-0.2285,-0.06768,-0.97119,-0.33228,-0.07434,-0.94025,3.901,4.161,sober
1017049862,2024/04/07,173.0,206.0,165.0,221.0,180.0,190.0,-0.21372,-0.0724,-0.97421,-0.31956,-0.07701,-0.94443,3.87,4.111,sober
1017066516,2024/04/07,252.0,204.0,250.0,222.0,253.0,185.0,-0.19025,-0.07265,-0.97904,-0.30123,-0.07916,-0.95026,3.83,4.048,sober
1017083171,2024/04/07,269.0,206.0,262.0,225.0,276.0,186.0,-0.18642,-0.07098,-0.9799,-0.29478,-0.07831,-0.95235,3.792,3.997,sober
1017099825,2024/04/07,263.0,208.0,255.0,231.0,271.0,185.0,-0.18836,-0.06926,-0.97965,-0.2959,-0.0788,-0.95196,3.763,3.968,sober
1017116480,2024/04/07,267.0,204.0,262.0,225.0,273.0,184.0,-0.18632,-0.07106,-0.97992,-0.29518,-0.07886,-0.95218,3.748,3.943,sober
1017133135,2024/04/07,270.0,204.0,264.0,222.0,275.0,186.0,-0.18533,-0.07177,-0.98005,-0.29462,-0.07823,-0.95241,3.729,3.917,sober
1017149789,2024/04/07,262.0,198.0,262.0,209.0,262.0,188.0,-0.18566,-0.0755,-0.97971,-0.29793,-0.07737,-0.95145,3.714,3.898,sober
1017166444,2024/04/07,226.0,169.0,223.0,176.0,229.0,162.0,-0.19667,-0.08529,-0.97675,-0.30627,-0.08491,-0.94815,3.706,3.884,sober
1017183099,2024/04/07,199.0,159.0,188.0,174.0,210.0,144.0,-0.20691,-0.08586,-0.97459,-0.31133,-0.09016,-0.94602,3.692,3.867,sober
1017199753,2024/04/07,203.0,165.0,196.0,177.0,211.0,154.0,-0.20461,-0.08501,-0.97514,-0.31102,-0.087,-0.94641,3.679,3.837,sober
1017216408,2024/04/07,199.0,171.0,200.0,177.0,199.0,164.0,-0.20343,-0.08477,-0.97541,-0.31421,-0.08402,-0.94563,3.678,3.82,sober
1017233063,2024/04/07,195.0,171.0,192.0,176.0,198.0,165.0,-0.20577,-0.08506,-0.9749,-0.31448,-0.08338,-0.9456,3.67,3.812,sober
1017249717,2024/04/07,193.0,165.0,185.0,171.0,201.0,159.0,-0.20782,-0.0864,-0.97434,-0.31366,-0.08508,-0.94571,3.669,3.809,sober
1017266372,2024/04/07,199.0,163.0,196.0,166.0,202.0,159.0,-0.20471,-0.08786,-0.97487,-0.3136,-0.08533,-0.94571,3.678,3.81,sober
1017283027,2024/04/07,204.0,163.0,201.0,172.0,207.0,154.0,-0.20343,-0.08618,-0.97529,-0.31249,-0.08687,-0.94594,3.69,3.803,sober
1017299681,2024/04/07,200.0,163.0,195.0,172.0,206.0,154.0,-0.20539,-0.08619,-0.97488,-0.31277,-0.08695,-0.94584,3.696,3.799,sober
1017316336,2024/04/07,196.0,170.0,190.0,163.0,202.0,178.0,-0.2071,-0.08925,-0.97424,-0.31452,-0.08061,-0.94582,3.697,3.766,sober
1017332991,2024/04/07,199.0,174.0,196.0,166.0,202.0,182.0,-0.20545,-0.08809,-0.9747,-0.31476,-0.07903,-0.94587,3.714,3.784,sober
1017349646,2024/04/07,200.0,175.0,198.0,168.0,202.0,182.0,-0.20431,-0.08796,-0.97495,-0.31399,-0.07957,-0.94609,3.726,3.784,sober
1017366300,2024/04/07,204.0,164.0,204.0,164.0,nan,nan,-0.2033,-0.08872,-0.97509,nan,nan,nan,3.746,nan,sober
1017382955,2024/04/07,207.0,156.0,206.0,172.0,207.0,140.0,-0.203,-0.08682,-0.97532,-0.31322,-0.09195,-0.94522,3.768,3.887,sober
1017399610,2024/04/07,192.0,171.0,188.0,176.0,196.0,167.0,-0.20799,-0.08539,-0.9744,-0.31601,-0.08383,-0.94505,3.796,3.868,sober
1017416264,2024/04/07,178.0,174.0,171.0,179.0,185.0,170.0,-0.21295,-0.08466,-0.97339,-0.31914,-0.08296,-0.94407,3.823,3.89,sober
1017432919,2024/04/07,183.0,174.0,178.0,178.0,188.0,171.0,-0.21103,-0.08518,-0.97376,-0.31848,-0.08298,-0.94429,3.857,3.913,sober
1017449574,2024/04/07,187.0,176.0,181.0,173.0,193.0,179.0,-0.21029,-0.08682,-0.97378,-0.31739,-0.08074,-0.94485,3.88,3.935,sober
1017466228,2024/04/07,184.0,174.0,177.0,174.0,192.0,174.0,-0.21176,-0.08674,-0.97346,-0.31757,-0.08232,-0.94466,3.909,3.965,sober
1017482883,2024/04/07,188.0,170.0,189.0,172.0,186.0,169.0,-0.20808,-0.08741,-0.9742,-0.31905,-0.08365,-0.94404,3.935,3.998,sober
1017499538,2024/04/07,192.0,173.0,199.0,175.0,184.0,172.0,-0.20524,-0.08659,-0.97487,-0.31965,-0.08284,-0.94391,3.974,4.03,sober
1017516192,2024/04/07,191.0,175.0,193.0,177.0,188.0,173.0,-0.20689,-0.086,-0.97458,-0.31838,-0.08264,-0.94435,4.006,4.058,sober
1017532847,2024/04/07,179.0,172.0,179.0,176.0,179.0,169.0,-0.21093,-0.08616,-0.9737,-0.32068,-0.0837,-0.94348,4.046,4.094,sober
1017549502,2024/04/07,179.0,167.0,181.0,166.0,177.0,168.0,-0.20976,-0.08898,-0.97369,-0.32069,-0.08384,-0.94347,4.071,4.134,sober
1017566156,2024/04/07,183.0,162.0,186.0,160.0,180.0,165.0,-0.20819,-0.09056,-0.97389,-0.31963,-0.08432,-0.94378,4.108,4.17,sober
1017582811,2024/04/07,182.0,165.0,189.0,169.0,174.0,160.0,-0.20697,-0.0877,-0.97441,-0.32091,-0.08545,-0.94325,4.145,4.207,sober
1017599466,2024/04/07,185.0,161.0,193.0,165.0,177.0,156.0,-0.20573,-0.08885,-0.97457,-0.3201,-0.08645,-0.94343,4.186,4.246,sober
1017616121,2024/04/07,182.0,156.0,186.0,158.0,177.0,153.0,-0.20775,-0.09105,-0.97394,-0.32006,-0.08745,-0.94335,4.219,4.277,sober
1017632774,2024/04/07,178.0,154.0,184.0,160.0,173.0,148.0,-0.20853,-0.09055,-0.97381,-0.32099,-0.08899,-0.94289,4.25,4.311,sober
1017649429,2024/04/07,180.0,158.0,188.0,164.0,172.0,152.0,-0.20752,-0.08932,-0.97415,-0.32142,-0.08786,-0.94285,4.265,4.34,sober
1017666084,2024/04/07,183.0,158.0,190.0,160.0,175.0,156.0,-0.20678,-0.09072,-0.97417,-0.32065,-0.08708,-0.94318,4.3,4.369,sober
1017682738,2024/04/07,189.0,156.0,194.0,165.0,185.0,148.0,-0.2061,-0.08966,-0.97441,-0.31847,-0.08959,-0.94369,4.32,4.392,sober
1017699393,2024/04/07,240.0,162.0,246.0,174.0,234.0,150.0,-0.19119,-0.08628,-0.97775,-0.3057,-0.08867,-0.94799,4.33,4.411,sober
1017716048,2024/04/07,279.0,164.0,287.0,166.0,272.0,161.0,-0.17913,-0.088,-0.97988,-0.29534,-0.08484,-0.95162,4.349,4.447,sober
1017732702,2024/04/07,278.0,154.0,291.0,152.0,265.0,155.0,-0.17778,-0.09224,-0.97974,-0.29719,-0.08679,-0.95087,4.393,4.484,sober
1017749357,2024/04/07,276.0,149.0,288.0,152.0,264.0,147.0,-0.17879,-0.09256,-0.97952,-0.29747,-0.08922,-0.95055,4.405,4.509,sober
1017766012,2024/04/07,276.0,151.0,287.0,153.0,265.0,149.0,-0.17899,-0.09247,-0.9795,-0.29732,-0.08895,-0.95062,4.425,4.53,sober
1017782666,2024/04/07,280.0,149.0,289.0,157.0,271.0,141.0,-0.17835,-0.09109,-0.97974,-0.29545,-0.09107,-0.95101,4.446,4.552,sober
1017799321,2024/04/07,279.0,151.0,286.0,161.0,272.0,140.0,-0.17916,-0.08978,-0.97971,-0.29506,-0.09123,-0.95111,4.466,4.574,sober
1017815976,2024/04/07,277.0,152.0,280.0,161.0,274.0,143.0,-0.18081,-0.08988,-0.9794,-0.29447,-0.09049,-0.95137,4.472,4.593,sober
1017832630,2024/04/07,273.0,158.0,274.0,179.0,272.0,137.0,-0.18245,-0.08424,-0.9796,-0.29507,-0.0917,-0.95107,4.489,4.608,sober
1017849285,2024/04/07,271.0,156.0,279.0,178.0,263.0,134.0,-0.1811,-0.08434,-0.97984,-0.29722,-0.0924,-0.95033,4.508,4.621,sober
1017865940,2024/04/07,275.0,148.0,284.0,161.0,265.0,134.0,-0.17951,-0.08918,-0.97971,-0.29658,-0.09212,-0.95056,4.523,4.641,sober
1017882595,2024/04/07,270.0,150.0,279.0,162.0,261.0,138.0,-0.18115,-0.08882,-0.97944,-0.29792,-0.09112,-0.95023,4.527,4.664,sober
1017899249,2024/04/07,270.0,151.0,279.0,168.0,260.0,135.0,-0.18123,-0.08719,-0.97957,-0.29809,-0.09208,-0.95009,4.543,4.679,sober
1017915904,2024/04/07,266.0,149.0,272.0,167.0,260.0,131.0,-0.18346,-0.08757,-0.97912,-0.29826,-0.09327,-0.94992,4.567,4.687,sober
1017932559,2024/04/07,270.0,147.0,278.0,162.0,262.0,133.0,-0.18181,-0.08934,-0.97927,-0.29825,-0.09313,-0.94993,4.568,4.693,sober
1017949213,2024/04/07,275.0,148.0,281.0,158.0,269.0,137.0,-0.18117,-0.09054,-0.97928,-0.29642,-0.09224,-0.95059,4.56,4.705,sober
1017965868,2024/04/07,275.0,150.0,278.0,162.0,272.0,137.0,-0.18241,-0.08951,-0.97914,-0.29602,-0.09215,-0.95073,4.559,4.713,sober
1017982523,2024/04/07,278.0,152.0,285.0,169.0,271.0,135.0,-0.18046,-0.0877,-0.97967,-0.29635,-0.09278,-0.95056,4.564,4.721,sober
1017999177,2024/04/07,283.0,151.0,295.0,167.0,271.0,136.0,-0.17784,-0.08847,-0.98007,-0.29645,-0.0928,-0.95053,4.57,4.732,sober
1018015832,2024/04/07,288.0,147.0,297.0,167.0,278.0,127.0,-0.17723,-0.08861,-0.98017,-0.29459,-0.09564,-0.95083,4.562,4.738,sober
1018032487,2024/04/07,284.0,151.0,289.0,171.0,280.0,130.0,-0.17958,-0.0872,-0.97987,-0.29438,-0.09474,-0.95098,4.558,4.745,sober
1018049141,2024/04/07,278.0,157.0,287.0,166.0,268.0,147.0,-0.18031,-0.08867,-0.97961,-0.29763,-0.08978,-0.95045,4.56,4.756,sober
1018065796,2024/04/07,278.0,158.0,292.0,165.0,265.0,151.0,-0.17915,-0.08935,-0.97976,-0.29861,-0.08901,-0.95022,4.56,4.773,sober
1018082451,2024/04/07,288.0,153.0,296.0,163.0,280.0,143.0,-0.1778,-0.08976,-0.97997,-0.29449,-0.0913,-0.95128,4.562,4.78,sober
1018099105,2024/04/07,288.0,152.0,294.0,162.0,282.0,141.0,-0.17843,-0.08982,-0.97984,-0.29391,-0.09169,-0.95142,4.56,4.797,sober
1018115760,2024/04/07,284.0,151.0,294.0,163.0,273.0,139.0,-0.17843,-0.08953,-0.97987,-0.29612,-0.09198,-0.95071,4.573,4.82,sober
1018132415,2024/04/07,281.0,154.0,289.0,168.0,273.0,139.0,-0.17986,-0.08782,-0.97976,-0.29608,-0.09204,-0.95072,4.586,4.835,sober
1018149070,2024/04/07,280.0,156.0,291.0,168.0,268.0,144.0,-0.17902,-0.08791,-0.97991,-0.29725,-0.09056,-0.9505,4.598,4.854,sober
1018165724,2024/04/07,238.0,170.0,243.0,186.0,234.0,155.0,-0.19299,-0.08294,-0.97769,-0.30645,-0.08776,-0.94783,4.621,4.874,sober
1018182379,2024/04/07,181.0,224.0,193.0,231.0,168.0,216.0,-0.20651,-0.06932,-0.97599,-0.32309,-0.06963,-0.9438,4.63,4.894,sober
1018199034,2024/04/07,159.0,261.0,177.0,267.0,141.0,254.0,-0.2103,-0.05807,-0.97591,-0.32934,-0.05801,-0.94243,4.638,4.915,sober
1018215687,2024/04/07,154.0,255.0,170.0,264.0,138.0,246.0,-0.21229,-0.05906,-0.97542,-0.33001,-0.06032,-0.94205,4.648,4.935,sober
1018232342,2024/04/07,148.0,251.0,169.0,259.0,127.0,243.0,-0.21271,-0.06054,-0.97524,-0.3329,-0.06134,-0.94096,4.664,4.948,sober
1018248997,2024/04/07,146.0,252.0,166.0,263.0,126.0,240.0,-0.21362,-0.05956,-0.9751,-0.33346,-0.0623,-0.9407,4.671,4.961,sober
1018265651,2024/04/07,147.0,252.0,161.0,260.0,132.0,245.0,-0.21501,-0.06061,-0.97473,-0.332,-0.0611,-0.9413,4.683,4.978,sober
1018282306,2024/04/07,154.0,255.0,163.0,261.0,145.0,249.0,-0.21457,-0.06035,-0.97484,-0.32876,-0.06016,-0.94249,4.692,4.985,sober
1018298961,2024/04/07,151.0,256.0,162.0,264.0,141.0,249.0,-0.21495,-0.05942,-0.97482,-0.32963,-0.06003,-0.9422,4.701,4.99,sober
1018315615,2024/04/07,142.0,254.0,157.0,261.0,128.0,246.0,-0.21635,-0.06018,-0.97446,-0.33304,-0.06064,-0.94096,4.705,5.0,sober
1018332270,2024/04/07,149.0,254.0,163.0,261.0,135.0,247.0,-0.21499,-0.06038,-0.97475,-0.33153,-0.06065,-0.94149,4.723,5.007,sober
1018348925,2024/04/07,159.0,256.0,170.0,266.0,149.0,246.0,-0.21317,-0.05919,-0.97522,-0.32813,-0.06121,-0.94265,4.738,5.011,sober
1018365579,2024/04/07,152.0,254.0,161.0,261.0,144.0,247.0,-0.21564,-0.06056,-0.97459,-0.32952,-0.06099,-0.94218,4.733,5.011,sober
1018382234,2024/04/07,146.0,251.0,160.0,254.0,132.0,248.0,-0.21592,-0.06253,-0.97441,-0.33237,-0.06061,-0.9412,4.737,5.012,sober
1018398889,2024/04/07,147.0,258.0,164.0,266.0,130.0,250.0,-0.21485,-0.05945,-0.97484,-0.33291,-0.06032,-0.94103,4.761,5.018,sober
1018415544,2024/04/07,147.0,261.0,164.0,276.0,129.0,246.0,-0.2149,-0.05651,-0.975,-0.33323,-0.06152,-0.94084,4.766,5.019,sober
1018432198,2024/04/07,150.0,256.0,170.0,271.0,130.0,242.0,-0.21347,-0.05809,-0.97522,-0.3331,-0.06271,-0.9408,4.765,5.024,sober
1018448853,2024/04/07,172.0,266.0,188.0,275.0,156.0,257.0,-0.20869,-0.0573,-0.9763,-0.32673,-0.05868,-0.9433,4.767,5.019,sober
1018465508,2024/04/07,204.0,284.0,227.0,297.0,182.0,270.0,-0.19773,-0.0507,-0.97895,-0.32034,-0.05503,-0.9457,4.775,5.011,sober
1018482162,2024/04/07,210.0,294.0,234.0,305.0,185.0,283.0,-0.19562,-0.04811,-0.9795,-0.31947,-0.05121,-0.94621,4.778,5.034,sober
1018498817,2024/04/07,205.0,294.0,221.0,310.0,189.0,278.0,-0.19935,-0.04653,-0.97882,-0.31857,-0.05254,-0.94644,4.791,5.042,sober
1018515472,2024/04/07,209.0,287.0,226.0,305.0,193.0,268.0,-0.19817,-0.04798,-0.97899,-0.31733,-0.05556,-0.94669,4.809,5.032,sober
1018532126,2024/04/07,210.0,286.0,225.0,299.0,196.0,272.0,-0.19829,-0.04958,-0.97889,-0.31664,-0.05431,-0.94699,4.816,5.038,sober
1018548781,2024/04/07,204.0,286.0,217.0,303.0,190.0,268.0,-0.20074,-0.04839,-0.97845,-0.31813,-0.05527,-0.94644,4.805,5.042,sober
1018565436,2024/04/07,202.0,286.0,214.0,304.0,189.0,269.0,-0.20168,-0.04814,-0.97827,-0.31852,-0.05525,-0.9463,4.812,5.057,sober
1018582090,2024/04/07,206.0,292.0,211.0,306.0,201.0,279.0,-0.20259,-0.04761,-0.97811,-0.31573,-0.05232,-0.9474,4.819,5.097,sober
1018598745,2024/04/07,206.0,292.0,216.0,305.0,196.0,278.0,-0.20137,-0.04784,-0.97835,-0.31691,-0.05276,-0.94699,4.824,5.099,sober
1018615400,2024/04/07,200.0,284.0,217.0,304.0,183.0,263.0,-0.20099,-0.04809,-0.97841,-0.32025,-0.05686,-0.94563,4.822,5.08,sober
1018632054,2024/04/07,197.0,283.0,213.0,305.0,182.0,262.0,-0.2023,-0.04784,-0.97815,-0.32062,-0.05723,-0.94548,4.824,5.081,sober
1018648709,2024/04/07,208.0,282.0,228.0,302.0,189.0,262.0,-0.19791,-0.04858,-0.97902,-0.31865,-0.05715,-0.94615,4.851,5.086,sober
1018665364,2024/04/07,212.0,282.0,233.0,302.0,191.0,262.0,-0.1961,-0.04842,-0.97939,-0.31786,-0.05715,-0.94642,4.854,5.093,sober
1018682019,2024/04/07,204.0,281.0,221.0,296.0,186.0,266.0,-0.19947,-0.05019,-0.97862,-0.31909,-0.05585,-0.94608,4.837,5.095,sober
1018698673,2024/04/07,205.0,281.0,225.0,293.0,185.0,269.0,-0.19844,-0.05117,-0.97878,-0.31935,-0.05496,-0.94604,4.842,5.097,sober
1018715328,2024/04/07,205.0,290.0,218.0,299.0,193.0,281.0,-0.20041,-0.0494,-0.97847,-0.31754,-0.05161,-0.94684,4.842,5.114,sober
1018731983,2024/04/07,207.0,292.0,218.0,301.0,195.0,283.0,-0.20054,-0.04905,-0.97846,-0.31703,-0.05113,-0.94704,4.838,5.11,sober
1018748637,2024/04/07,207.0,292.0,216.0,300.0,199.0,284.0,-0.20118,-0.04943,-0.97831,-0.31632,-0.05107,-0.94728,4.843,5.102,sober
1018765292,2024/04/07,201.0,291.0,206.0,300.0,195.0,281.0,-0.20413,-0.04935,-0.9777,-0.31729,-0.05194,-0.9469,4.834,5.1,sober
1018781947,2024/04/07,194.0,292.0,212.0,298.0,176.0,286.0,-0.20248,-0.04976,-0.97802,-0.32212,-0.05039,-0.94536,4.819,5.101,sober
1018798600,2024/04/07,195.0,291.0,211.0,295.0,180.0,287.0,-0.20271,-0.05074,-0.97792,-0.3212,-0.0503,-0.94568,4.816,5.103,sober
1018815255,2024/04/07,204.0,285.0,214.0,287.0,195.0,282.0,-0.20185,-0.05304,-0.97798,-0.31739,-0.05157,-0.94689,4.83,5.099,sober
1018831910,2024/04/07,204.0,286.0,216.0,289.0,193.0,283.0,-0.20142,-0.05263,-0.97809,-0.31773,-0.05139,-0.94679,4.841,5.099,sober
1018848564,2024/04/07,198.0,286.0,211.0,293.0,185.0,279.0,-0.20272,-0.05123,-0.9779,-0.3197,-0.05237,-0.94607,4.835,5.092,sober
1018865220,2024/04/07,199.0,284.0,214.0,288.0,184.0,280.0,-0.20182,-0.05269,-0.978,-0.3201,-0.05216,-0.94595,4.841,5.094,sober
1018881875,2024/04/07,202.0,282.0,214.0,293.0,190.0,270.0,-0.20187,-0.05109,-0.97808,-0.31865,-0.05494,-0.94628,4.842,5.093,sober
1018898529,2024/04/07,203.0,281.0,217.0,292.0,189.0,270.0,-0.20091,-0.05149,-0.97826,-0.31865,-0.05496,-0.94628,4.838,5.095,sober
1018915184,2024/04/07,212.0,293.0,224.0,307.0,200.0,279.0,-0.19906,-0.04725,-0.97885,-0.31601,-0.05239,-0.94731,4.874,5.121,sober
1018931839,2024/04/07,216.0,290.0,231.0,302.0,202.0,277.0,-0.19707,-0.04866,-0.97918,-0.31555,-0.05309,-0.94742,4.89,5.121,sober
1018948494,2024/04/07,207.0,276.0,231.0,278.0,183.0,274.0,-0.19701,-0.05585,-0.97881,-0.32034,-0.05388,-0.94577,4.875,5.116,sober
1018965148,2024/04/07,207.0,277.0,229.0,277.0,185.0,278.0,-0.1977,-0.05626,-0.97865,-0.31996,-0.05303,-0.94594,4.884,5.123,sober
1018981803,2024/04/07,212.0,287.0,233.0,299.0,190.0,274.0,-0.19683,-0.04979,-0.97917,-0.31877,-0.05406,-0.94629,4.903,5.107,sober
1018998458,2024/04/07,211.0,291.0,230.0,306.0,192.0,276.0,-0.19788,-0.0481,-0.97904,-0.31853,-0.05378,-0.94639,4.913,5.102,sober
1019015112,2024/04/07,208.0,288.0,224.0,291.0,191.0,284.0,-0.19946,-0.05236,-0.97851,-0.31866,-0.05139,-0.94647,4.891,5.111,sober
1019031767,2024/04/07,211.0,289.0,228.0,294.0,193.0,284.0,-0.19831,-0.05156,-0.97878,-0.31827,-0.05146,-0.9466,4.897,5.116,sober
1019048422,2024/04/07,216.0,296.0,236.0,302.0,196.0,291.0,-0.19606,-0.04942,-0.97935,-0.31756,-0.04954,-0.94694,4.915,5.112,sober
1019065076,2024/04/07,218.0,302.0,236.0,313.0,200.0,291.0,-0.19614,-0.04608,-0.97949,-0.31655,-0.04967,-0.94727,4.915,5.117,sober
1019081731,2024/04/07,220.0,307.0,240.0,322.0,200.0,292.0,-0.1951,-0.04357,-0.97981,-0.3167,-0.0494,-0.94724,4.924,5.143,sober
1019098386,2024/04/07,224.0,303.0,246.0,316.0,202.0,291.0,-0.19355,-0.04544,-0.98004,-0.31624,-0.04975,-0.94737,4.926,5.147,sober
1019115040,2024/04/07,217.0,296.0,234.0,306.0,200.0,286.0,-0.19705,-0.04839,-0.9792,-0.317,-0.05134,-0.94703,4.912,5.138,sober
1019131695,2024/04/07,219.0,297.0,237.0,307.0,201.0,287.0,-0.19633,-0.04825,-0.97935,-0.31677,-0.05104,-0.94713,4.914,5.142,sober
1019148350,2024/04/07,233.0,303.0,247.0,318.0,219.0,288.0,-0.19357,-0.04504,-0.98005,-0.31219,-0.05086,-0.94866,4.929,5.125,sober
1019165004,2024/04/07,233.0,304.0,246.0,317.0,220.0,290.0,-0.19403,-0.04522,-0.97995,-0.31215,-0.05036,-0.9487,4.931,5.128,sober
1019181659,2024/04/07,228.0,297.0,241.0,303.0,215.0,292.0,-0.19523,-0.04946,-0.97951,-0.3133,-0.04969,-0.94835,4.914,5.136,sober
1019198314,2024/04/07,228.0,300.0,241.0,304.0,215.0,297.0,-0.19532,-0.04911,-0.97951,-0.31351,-0.04805,-0.94837,4.914,5.14,sober
1019214970,2024/04/07,229.0,307.0,244.0,318.0,213.0,297.0,-0.19446,-0.04489,-0.97988,-0.31385,-0.04818,-0.94825,4.94,5.162,sober
1019231624,2024/04/07,227.0,308.0,237.0,321.0,217.0,295.0,-0.19644,-0.04388,-0.97953,-0.3128,-0.04849,-0.94858,4.946,5.165,sober
1019248279,2024/04/07,223.0,301.0,235.0,304.0,211.0,298.0,-0.19677,-0.04871,-0.97924,-0.31442,-0.04756,-0.94809,4.942,5.149,sober
1019264934,2024/04/07,221.0,299.0,240.0,300.0,202.0,297.0,-0.19532,-0.05009,-0.97946,-0.31671,-0.04781,-0.94732,4.94,5.151,sober
1019281588,2024/04/07,227.0,298.0,238.0,309.0,215.0,287.0,-0.19585,-0.04753,-0.97948,-0.31301,-0.05082,-0.94839,4.923,5.173,sober
1019298243,2024/04/07,229.0,301.0,240.0,315.0,219.0,286.0,-0.19507,-0.04558,-0.97973,-0.31204,-0.05113,-0.94869,4.926,5.177,sober
1019314898,2024/04/07,236.0,314.0,249.0,323.0,223.0,305.0,-0.19278,-0.04366,-0.98027,-0.31124,-0.04626,-0.94921,4.927,5.195,sober
1019331552,2024/04/07,278.0,331.0,294.0,339.0,262.0,322.0,-0.18006,-0.03905,-0.98288,-0.30118,-0.04153,-0.95266,4.931,5.191,sober
1019348207,2024/04/07,318.0,342.0,337.0,359.0,298.0,325.0,-0.16709,-0.03292,-0.98539,-0.29132,-0.0404,-0.95577,4.968,5.154,sober
1019364862,2024/04/07,320.0,342.0,338.0,360.0,303.0,325.0,-0.16676,-0.03245,-0.98546,-0.28984,-0.0404,-0.95622,4.977,5.152,sober
1019381515,2024/04/07,308.0,347.0,320.0,348.0,296.0,346.0,-0.17177,-0.03606,-0.98448,-0.29149,-0.03411,-0.95597,4.96,5.167,sober
1019398170,2024/04/07,309.0,346.0,323.0,344.0,295.0,349.0,-0.17079,-0.03748,-0.98459,-0.29174,-0.03366,-0.95591,4.951,5.156,sober
1019414825,2024/04/07,306.0,337.0,324.0,342.0,288.0,332.0,-0.17032,-0.03862,-0.98463,-0.29322,-0.03857,-0.95527,4.932,5.126,sober
1019431479,2024/04/07,308.0,340.0,322.0,346.0,293.0,334.0,-0.17052,-0.03767,-0.98463,-0.29199,-0.03837,-0.95565,4.922,5.113,sober
1019448134,2024/04/07,322.0,335.0,330.0,341.0,314.0,330.0,-0.16803,-0.03932,-0.985,-0.28614,-0.03959,-0.95737,4.913,5.115,sober
1019464789,2024/04/07,322.0,338.0,329.0,346.0,315.0,329.0,-0.16801,-0.0375,-0.98507,-0.28549,-0.03938,-0.95757,4.909,5.1,sober
1019481445,2024/04/07,317.0,343.0,323.0,360.0,310.0,326.0,-0.1696,-0.03327,-0.98495,-0.28665,-0.04024,-0.95719,4.899,5.078,sober
1019498099,2024/04/07,313.0,344.0,318.0,365.0,308.0,323.0,-0.17075,-0.03152,-0.98481,-0.28689,-0.04087,-0.95709,4.89,5.072,sober
1019514754,2024/04/07,320.0,348.0,324.0,368.0,315.0,329.0,-0.16875,-0.03085,-0.98518,-0.28494,-0.03913,-0.95775,4.914,5.074,sober
1019531409,2024/04/07,320.0,343.0,327.0,358.0,314.0,328.0,-0.16783,-0.0335,-0.98525,-0.28484,-0.03924,-0.95777,4.911,5.066,sober
1019548063,2024/04/07,324.0,347.0,332.0,371.0,317.0,322.0,-0.16604,-0.02961,-0.98567,-0.28405,-0.04102,-0.95793,4.917,5.086,sober
1019564718,2024/04/07,323.0,347.0,331.0,367.0,315.0,327.0,-0.16619,-0.03078,-0.98561,-0.2843,-0.03927,-0.95793,4.919,5.089,sober
1019581373,2024/04/07,322.0,342.0,322.0,359.0,323.0,324.0,-0.16844,-0.033,-0.98516,-0.28209,-0.03983,-0.95856,4.909,5.092,sober
1019598027,2024/04/07,323.0,341.0,322.0,360.0,324.0,322.0,-0.16835,-0.03264,-0.98519,-0.2815,-0.04055,-0.9587,4.914,5.093,sober
1019614682,2024/04/07,310.0,338.0,319.0,348.0,302.0,327.0,-0.16913,-0.03612,-0.98493,-0.28733,-0.03873,-0.95705,4.921,5.058,sober
1019631337,2024/04/07,307.0,335.0,315.0,349.0,299.0,320.0,-0.16996,-0.03568,-0.9848,-0.28799,-0.04063,-0.95677,4.922,5.068,sober
1019647991,2024/04/07,308.0,331.0,308.0,343.0,307.0,320.0,-0.17175,-0.03767,-0.98442,-0.28576,-0.04057,-0.95744,4.914,5.085,sober
1019664646,2024/04/07,305.0,328.0,307.0,333.0,303.0,323.0,-0.17189,-0.0405,-0.98428,-0.28665,-0.03984,-0.95721,4.922,5.089,sober
1019681301,2024/04/07,290.0,325.0,304.0,336.0,275.0,315.0,-0.17278,-0.03984,-0.98415,-0.2941,-0.04226,-0.95484,4.928,5.106,sober
1019697955,2024/04/07,289.0,327.0,304.0,342.0,274.0,313.0,-0.17307,-0.03847,-0.98416,-0.29455,-0.04289,-0.95467,4.942,5.115,sober
1019714610,2024/04/07,293.0,336.0,302.0,348.0,284.0,324.0,-0.17381,-0.03676,-0.98409,-0.29206,-0.03975,-0.95558,4.964,5.116,sober
1019731265,2024/04/07,292.0,335.0,299.0,345.0,285.0,325.0,-0.17454,-0.03768,-0.98393,-0.29187,-0.03956,-0.95564,4.976,5.123,sober
1019747920,2024/04/07,299.0,323.0,305.0,335.0,293.0,311.0,-0.17291,-0.04066,-0.9841,-0.28977,-0.04371,-0.9561,4.949,5.121,sober
1019764574,2024/04/07,300.0,321.0,307.0,331.0,292.0,311.0,-0.17204,-0.04178,-0.9842,-0.28974,-0.04326,-0.95613,4.95,5.134,sober
1019781229,2024/04/07,299.0,312.0,306.0,324.0,292.0,300.0,-0.17274,-0.04367,-0.984,-0.28987,-0.0464,-0.95594,4.994,5.163,sober
1019797884,2024/04/07,299.0,289.0,305.0,300.0,293.0,277.0,-0.17288,-0.05066,-0.98364,-0.28968,-0.05295,-0.95566,5.015,5.182,sober
1019814538,2024/04/07,299.0,280.0,304.0,289.0,295.0,271.0,-0.17356,-0.05438,-0.98332,-0.28938,-0.05474,-0.95565,5.002,5.188,sober
1019831193,2024/04/07,295.0,283.0,297.0,295.0,294.0,272.0,-0.17576,-0.05268,-0.98302,-0.28962,-0.0547,-0.95558,5.016,5.201,sober
1019847848,2024/04/07,294.0,285.0,295.0,295.0,293.0,274.0,-0.1762,-0.05243,-0.98296,-0.28999,-0.05414,-0.9555,5.019,5.226,sober
1019864502,2024/04/07,297.0,286.0,301.0,297.0,294.0,275.0,-0.17459,-0.05237,-0.98325,-0.29007,-0.05425,-0.95547,5.02,5.241,sober
1019881158,2024/04/07,296.0,285.0,300.0,301.0,292.0,269.0,-0.17495,-0.051,-0.98326,-0.29029,-0.05576,-0.95531,5.016,5.25,sober
1019897813,2024/04/07,294.0,285.0,293.0,296.0,295.0,273.0,-0.17713,-0.05279,-0.98277,-0.28976,-0.05484,-0.95553,5.009,5.262,sober
1019914467,2024/04/07,304.0,285.0,307.0,296.0,301.0,275.0,-0.17275,-0.0527,-0.98356,-0.28792,-0.05406,-0.95613,5.017,5.263,sober
1019931122,2024/04/07,304.0,284.0,308.0,296.0,300.0,271.0,-0.17205,-0.05235,-0.9837,-0.28791,-0.05507,-0.95607,5.003,5.268,sober
1019947776,2024/04/07,303.0,292.0,303.0,311.0,304.0,272.0,-0.17326,-0.04761,-0.98372,-0.28633,-0.05463,-0.95657,5.017,5.29,sober
1019964430,2024/04/07,304.0,291.0,303.0,309.0,305.0,273.0,-0.17288,-0.04815,-0.98377,-0.28573,-0.0543,-0.95677,5.012,5.303,sober
1019981085,2024/04/07,290.0,285.0,283.0,289.0,297.0,282.0,-0.17836,-0.05414,-0.98247,-0.28763,-0.05159,-0.95635,4.967,5.34,sober
1019997740,2024/04/07,277.0,295.0,269.0,303.0,285.0,287.0,-0.18196,-0.0498,-0.98204,-0.29049,-0.04991,-0.95558,4.961,5.352,sober
1020014395,2024/04/07,283.0,296.0,271.0,305.0,296.0,287.0,-0.18107,-0.04923,-0.98224,-0.28749,-0.04984,-0.95649,4.967,5.358,sober
1020031049,2024/04/07,283.0,294.0,271.0,302.0,295.0,285.0,-0.18081,-0.0501,-0.98224,-0.28747,-0.05006,-0.95648,4.954,5.363,sober
1020047704,2024/04/07,267.0,299.0,271.0,308.0,264.0,290.0,-0.18117,-0.04872,-0.98224,-0.29608,-0.04937,-0.95389,4.95,5.3,sober
1020064359,2024/04/07,269.0,298.0,271.0,307.0,267.0,288.0,-0.18049,-0.04937,-0.98234,-0.29451,-0.05045,-0.95431,4.952,5.302,sober
1020081013,2024/04/07,273.0,297.0,265.0,308.0,281.0,285.0,-0.18273,-0.04863,-0.98196,-0.29128,-0.05123,-0.95526,4.948,5.343,sober
1020097668,2024/04/07,271.0,295.0,259.0,305.0,282.0,285.0,-0.184,-0.04935,-0.98169,-0.29074,-0.05067,-0.95546,4.941,5.344,sober
1020114324,2024/04/07,268.0,296.0,264.0,303.0,271.0,289.0,-0.18263,-0.05022,-0.9819,-0.29357,-0.04958,-0.95465,4.94,5.337,sober
1020130978,2024/04/07,270.0,299.0,269.0,309.0,271.0,289.0,-0.18128,-0.04832,-0.98224,-0.29382,-0.04949,-0.95458,4.946,5.341,sober
1020147633,2024/04/07,274.0,293.0,269.0,308.0,280.0,277.0,-0.18137,-0.04864,-0.98221,-0.29129,-0.05274,-0.95518,4.951,5.367,sober
1020164288,2024/04/07,218.0,302.0,207.0,319.0,230.0,286.0,-0.19939,-0.04584,-0.97885,-0.30464,-0.05061,-0.95112,4.958,5.368,sober
1020180942,2024/04/07,171.0,319.0,172.0,324.0,170.0,314.0,-0.20945,-0.04465,-0.9768,-0.32061,-0.04258,-0.94625,4.953,5.335,sober
1020197597,2024/04/07,174.0,321.0,177.0,320.0,171.0,322.0,-0.20806,-0.04551,-0.97706,-0.32021,-0.0402,-0.94649,4.944,5.321,sober
1020214252,2024/04/07,176.0,321.0,179.0,323.0,174.0,318.0,-0.20756,-0.04454,-0.97721,-0.31932,-0.04112,-0.94675,4.949,5.319,sober
1020230906,2024/04/07,177.0,321.0,179.0,322.0,175.0,319.0,-0.20737,-0.04479,-0.97724,-0.31917,-0.04098,-0.94681,4.953,5.319,sober
1020247561,2024/04/07,176.0,318.0,177.0,319.0,175.0,317.0,-0.20799,-0.04575,-0.97706,-0.31914,-0.04139,-0.9468,4.947,5.311,sober
1020264216,2024/04/07,172.0,318.0,175.0,320.0,168.0,315.0,-0.2087,-0.04541,-0.97692,-0.32083,-0.04194,-0.94621,4.95,5.309,sober
1020280871,2024/04/07,179.0,321.0,179.0,319.0,178.0,323.0,-0.20725,-0.04556,-0.97723,-0.31813,-0.03966,-0.94722,4.95,5.321,sober
1020297525,2024/04/07,186.0,321.0,191.0,321.0,180.0,322.0,-0.20373,-0.04512,-0.97799,-0.3176,-0.03998,-0.94738,4.943,5.31,sober
1020314180,2024/04/07,188.0,314.0,190.0,321.0,186.0,306.0,-0.20415,-0.04516,-0.9779,-0.31598,-0.04453,-0.94772,4.948,5.291,sober
1020330835,2024/04/07,188.0,316.0,182.0,324.0,193.0,308.0,-0.20616,-0.04448,-0.97751,-0.31418,-0.04397,-0.94834,4.949,5.281,sober
1020347489,2024/04/07,176.0,324.0,179.0,331.0,173.0,317.0,-0.2072,-0.04258,-0.97737,-0.31928,-0.04151,-0.94675,4.946,5.266,sober
1020364144,2024/04/07,177.0,323.0,184.0,328.0,170.0,317.0,-0.20585,-0.04336,-0.97762,-0.32028,-0.0415,-0.94641,4.934,5.257,sober
1020380799,2024/04/07,182.0,315.0,191.0,327.0,173.0,304.0,-0.20406,-0.04388,-0.97798,-0.31953,-0.04535,-0.94649,4.923,5.254,sober
1020397453,2024/04/07,181.0,318.0,189.0,332.0,173.0,305.0,-0.20454,-0.04226,-0.97795,-0.31943,-0.04509,-0.94654,4.918,5.248,sober
1020414108,2024/04/07,185.0,320.0,192.0,333.0,177.0,307.0,-0.20391,-0.04205,-0.97809,-0.31866,-0.0446,-0.94682,4.923,5.244,sober
1020430763,2024/04/07,185.0,316.0,198.0,325.0,172.0,307.0,-0.20224,-0.04401,-0.97835,-0.32009,-0.04423,-0.94635,4.911,5.237,sober
1020447417,2024/04/07,186.0,318.0,198.0,321.0,174.0,315.0,-0.20235,-0.04513,-0.97827,-0.31981,-0.04184,-0.94656,4.897,5.208,sober
1020464072,2024/04/07,196.0,321.0,201.0,324.0,191.0,318.0,-0.20151,-0.04421,-0.97849,-0.31542,-0.04089,-0.94807,4.891,5.197,sober
1020480727,2024/04/07,209.0,323.0,213.0,325.0,205.0,321.0,-0.19814,-0.04372,-0.9792,-0.31184,-0.04035,-0.94928,4.889,5.195,sober
1020497381,2024/04/07,222.0,319.0,226.0,323.0,219.0,316.0,-0.195,-0.04492,-0.97977,-0.30862,-0.04236,-0.95024,4.883,5.188,sober
1020514036,2024/04/07,225.0,322.0,228.0,326.0,223.0,319.0,-0.19435,-0.04404,-0.97994,-0.30757,-0.04147,-0.95062,4.869,5.17,sober
1020530691,2024/04/07,227.0,324.0,231.0,327.0,222.0,321.0,-0.19337,-0.04371,-0.98015,-0.3078,-0.0409,-0.95057,4.844,5.155,sober
1020547346,2024/04/07,224.0,317.0,231.0,320.0,218.0,315.0,-0.19354,-0.04564,-0.98003,-0.30861,-0.04257,-0.95024,4.85,5.154,sober
1020564000,2024/04/07,225.0,319.0,236.0,323.0,214.0,315.0,-0.19191,-0.0447,-0.98039,-0.3098,-0.04241,-0.94986,4.849,5.147,sober
1020580655,2024/04/07,231.0,328.0,231.0,327.0,231.0,328.0,-0.19345,-0.04333,-0.98015,-0.30528,-0.03873,-0.95147,4.844,5.163,sober
1020597310,2024/04/07,227.0,328.0,220.0,330.0,234.0,325.0,-0.1964,-0.04238,-0.97961,-0.30442,-0.03946,-0.95172,4.84,5.156,sober
1020613964,2024/04/07,228.0,319.0,224.0,330.0,233.0,308.0,-0.1952,-0.04256,-0.97984,-0.30443,-0.04447,-0.95149,4.832,5.159,sober
1020630619,2024/04/07,229.0,316.0,230.0,327.0,227.0,306.0,-0.1934,-0.04343,-0.98016,-0.30586,-0.045,-0.95101,4.825,5.156,sober
1020647274,2024/04/07,219.0,320.0,228.0,330.0,210.0,310.0,-0.19396,-0.04257,-0.98009,-0.31032,-0.0438,-0.94962,4.821,5.126,sober
1020663928,2024/04/07,219.0,323.0,229.0,332.0,208.0,315.0,-0.19339,-0.0419,-0.98023,-0.31072,-0.04211,-0.94957,4.816,5.118,sober
1020680583,2024/04/07,226.0,319.0,229.0,323.0,222.0,315.0,-0.19334,-0.04443,-0.98013,-0.30707,-0.04224,-0.95075,4.817,5.117,sober
1020697238,2024/04/07,224.0,319.0,221.0,325.0,228.0,313.0,-0.19572,-0.04387,-0.97968,-0.3055,-0.0429,-0.95122,4.815,5.113,sober
1020713892,2024/04/07,216.0,322.0,219.0,330.0,212.0,314.0,-0.19616,-0.04236,-0.97966,-0.30964,-0.04241,-0.94991,4.81,5.097,sober
1020730548,2024/04/07,218.0,315.0,222.0,322.0,214.0,309.0,-0.19536,-0.04498,-0.9797,-0.30897,-0.04406,-0.95005,4.8,5.098,sober
1020747203,2024/04/07,218.0,319.0,222.0,329.0,215.0,309.0,-0.19694,-0.04468,-0.9794,-0.31047,-0.04576,-0.94948,4.75,5.072,sober
1020763857,2024/04/07,645.0,669.0,nan,nan,645.0,669.0,nan,nan,nan,-0.19339,0.05926,-0.97933,nan,5.015,sober
1020780512,2024/04/07,693.0,746.0,741.0,823.0,645.0,669.0,-0.04458,0.10357,-0.99362,-0.19322,0.05955,-0.97935,4.857,5.015,sober
1020797167,2024/04/07,713.0,827.0,727.0,829.0,698.0,826.0,-0.04989,0.10518,-0.9932,-0.17781,0.10563,-0.97838,4.799,5.036,sober
1020813822,2024/04/07,710.0,828.0,720.0,838.0,699.0,818.0,-0.05108,0.10771,-0.99287,-0.17709,0.10344,-0.97874,4.81,5.064,sober
1020830476,2024/04/07,711.0,831.0,724.0,846.0,697.0,816.0,-0.05011,0.11013,-0.99265,-0.1779,0.10269,-0.97868,4.802,5.059,sober
1020847131,2024/04/07,717.0,829.0,727.0,841.0,707.0,818.0,-0.04947,0.10859,-0.99286,-0.17536,0.10336,-0.97906,4.797,5.057,sober
1020863786,2024/04/07,712.0,827.0,717.0,837.0,708.0,816.0,-0.05252,0.10758,-0.99281,-0.17523,0.10278,-0.97915,4.799,5.057,sober
1020880440,2024/04/07,714.0,829.0,712.0,838.0,716.0,820.0,-0.05388,0.10782,-0.99271,-0.17292,0.10399,-0.97943,4.807,5.075,sober
1020897095,2024/04/07,714.0,825.0,715.0,831.0,714.0,819.0,-0.05326,0.10566,-0.99298,-0.17355,0.10367,-0.97935,4.82,5.084,sober
1020913750,2024/04/07,704.0,822.0,707.0,827.0,701.0,817.0,-0.05547,0.10477,-0.99295,-0.17732,0.10286,-0.97876,4.815,5.082,sober
1020930404,2024/04/07,701.0,823.0,708.0,831.0,695.0,816.0,-0.05535,0.10582,-0.99284,-0.17903,0.10282,-0.97846,4.833,5.094,sober
1020947059,2024/04/07,705.0,828.0,712.0,835.0,697.0,821.0,-0.05393,0.10704,-0.99279,-0.1785,0.10431,-0.97839,4.848,5.116,sober
1020963714,2024/04/07,708.0,827.0,717.0,832.0,699.0,822.0,-0.05245,0.10609,-0.99297,-0.17795,0.10449,-0.97848,4.851,5.128,sober
1020980368,2024/04/07,704.0,817.0,717.0,824.0,691.0,809.0,-0.05247,0.10357,-0.99324,-0.18054,0.10049,-0.97842,4.854,5.123,sober
1020997023,2024/04/07,706.0,816.0,720.0,824.0,692.0,807.0,-0.05185,0.10361,-0.99327,-0.18024,0.09974,-0.97855,4.859,5.127,sober
1021013678,2024/04/07,707.0,815.0,719.0,821.0,695.0,808.0,-0.05204,0.10275,-0.99335,-0.17942,0.10009,-0.97867,4.861,5.132,sober
1021030332,2024/04/07,705.0,815.0,715.0,820.0,696.0,809.0,-0.05347,0.10261,-0.99328,-0.17924,0.10056,-0.97865,4.861,5.137,sober
1021046987,2024/04/07,704.0,821.0,711.0,830.0,696.0,812.0,-0.05461,0.10552,-0.99292,-0.17942,0.10143,-0.97853,4.863,5.143,sober
1021063642,2024/04/07,709.0,820.0,720.0,831.0,697.0,809.0,-0.0521,0.10569,-0.99303,-0.17917,0.10025,-0.9787,4.869,5.15,sober
1021080297,2024/04/07,737.0,817.0,741.0,833.0,733.0,801.0,-0.04582,0.10634,-0.99327,-0.16884,0.09821,-0.98074,4.892,5.161,sober
1021096951,2024/04/07,738.0,817.0,740.0,829.0,735.0,805.0,-0.04607,0.1054,-0.99336,-0.16805,0.09929,-0.98077,4.888,5.162,sober
1021113606,2024/04/07,713.0,819.0,729.0,824.0,697.0,814.0,-0.04835,0.10487,-0.99331,-0.17799,0.10292,-0.97864,4.817,5.12,sober
1021130261,2024/04/07,nan,nan,nan,nan,nan,nan,nan,nan,nan,nan,nan,nan,nan,nan,sober
1021146915,2024/04/07,206.0,245.0,199.0,264.0,214.0,226.0,-0.20188,-0.06282,-0.97739,-0.30755,-0.06912,-0.94902,4.997,5.33,sober
1021163570,2024/04/07,197.0,255.0,196.0,266.0,199.0,244.0,-0.20215,-0.05828,-0.97762,-0.31133,-0.05992,-0.94841,4.912,5.277,sober
1021180225,2024/04/07,195.0,260.0,196.0,268.0,195.0,252.0,-0.20202,-0.05795,-0.97766,-0.31261,-0.05795,-0.94811,4.93,5.291,sober
1021196879,2024/04/07,198.0,259.0,207.0,273.0,188.0,244.0,-0.19894,-0.05658,-0.97838,-0.31452,-0.06035,-0.94733,4.951,5.305,sober
1021213534,2024/04/07,202.0,252.0,208.0,267.0,196.0,238.0,-0.19878,-0.05879,-0.97828,-0.31278,-0.06244,-0.94777,4.946,5.323,sober
1021230189,2024/04/07,201.0,254.0,205.0,266.0,198.0,242.0,-0.19995,-0.05924,-0.97801,-0.31236,-0.06155,-0.94797,4.939,5.327,sober
1021246843,2024/04/07,191.0,256.0,207.0,267.0,175.0,246.0,-0.19927,-0.05919,-0.97816,-0.31853,-0.06062,-0.94597,4.934,5.282,sober
1021263498,2024/04/07,190.0,260.0,206.0,274.0,174.0,247.0,-0.19976,-0.05743,-0.97816,-0.31899,-0.06016,-0.94585,4.933,5.284,sober
1021280153,2024/04/07,197.0,262.0,213.0,277.0,180.0,247.0,-0.19769,-0.05632,-0.97865,-0.31752,-0.06034,-0.94633,4.932,5.307,sober
1021296807,2024/04/07,195.0,263.0,214.0,279.0,177.0,246.0,-0.19754,-0.05576,-0.97871,-0.31836,-0.06052,-0.94604,4.941,5.313,sober
1021313462,2024/04/07,192.0,269.0,206.0,288.0,178.0,250.0,-0.19988,-0.05314,-0.97838,-0.31823,-0.05963,-0.94614,4.964,5.335,sober
1021330117,2024/04/07,193.0,269.0,212.0,288.0,173.0,250.0,-0.19827,-0.05348,-0.97869,-0.31962,-0.05986,-0.94565,4.971,5.341,sober
1021346772,2024/04/07,186.0,264.0,215.0,271.0,157.0,257.0,-0.19732,-0.05916,-0.97855,-0.32365,-0.05841,-0.94437,4.95,5.287,sober
1021363427,2024/04/07,183.0,268.0,218.0,267.0,148.0,268.0,-0.19661,-0.06042,-0.97862,-0.32616,-0.05535,-0.94369,4.95,5.299,sober
1021380082,2024/04/07,198.0,269.0,221.0,275.0,174.0,263.0,-0.1957,-0.05804,-0.97895,-0.31929,-0.05719,-0.94593,4.967,5.347,sober
1021396737,2024/04/07,200.0,265.0,223.0,271.0,178.0,259.0,-0.19544,-0.0587,-0.97896,-0.31847,-0.05759,-0.94618,4.971,5.354,sober
1021413391,2024/04/07,188.0,266.0,220.0,271.0,157.0,260.0,-0.19631,-0.0593,-0.97875,-0.32381,-0.05791,-0.94435,4.959,5.314,sober
1021430046,2024/04/07,185.0,268.0,211.0,266.0,160.0,269.0,-0.19884,-0.06091,-0.97814,-0.32285,-0.05615,-0.94478,4.952,5.327,sober
1021446701,2024/04/07,194.0,267.0,215.0,275.0,173.0,260.0,-0.19807,-0.05834,-0.97845,-0.31984,-0.05875,-0.94565,4.969,5.394,sober
1021463355,2024/04/07,198.0,272.0,218.0,286.0,177.0,257.0,-0.19773,-0.0547,-0.97873,-0.31936,-0.05888,-0.9458,4.975,5.395,sober
1021480009,2024/04/07,193.0,269.0,207.0,276.0,178.0,262.0,-0.20114,-0.05799,-0.97784,-0.31936,-0.05785,-0.94587,4.945,5.375,sober
1021496664,2024/04/07,192.0,268.0,205.0,275.0,179.0,261.0,-0.20205,-0.0587,-0.97762,-0.31959,-0.05827,-0.94576,4.938,5.37,sober
1021513318,2024/04/07,202.0,262.0,216.0,272.0,188.0,253.0,-0.19926,-0.05981,-0.97812,-0.31774,-0.06086,-0.94622,4.941,5.379,sober
1021529973,2024/04/07,221.0,245.0,238.0,259.0,203.0,231.0,-0.19314,-0.06383,-0.97909,-0.31381,-0.06705,-0.94711,4.916,5.36,sober
1021546629,2024/04/07,222.0,239.0,240.0,255.0,203.0,223.0,-0.19272,-0.06485,-0.97911,-0.3139,-0.06943,-0.94691,4.9,5.304,sober
1021563283,2024/04/07,224.0,247.0,241.0,268.0,207.0,225.0,-0.19291,-0.06146,-0.97929,-0.31326,-0.0692,-0.94714,4.886,5.297,sober
1021579938,2024/04/07,233.0,248.0,244.0,272.0,222.0,224.0,-0.19219,-0.06053,-0.97949,-0.30958,-0.06989,-0.9483,4.873,5.281,sober
1021596593,2024/04/07,232.0,252.0,244.0,272.0,220.0,231.0,-0.1922,-0.06028,-0.9795,-0.31011,-0.06775,-0.94828,4.838,5.264,sober
1021613248,2024/04/07,239.0,255.0,246.0,270.0,232.0,241.0,-0.19192,-0.06114,-0.9795,-0.30732,-0.06498,-0.94939,4.826,5.297,sober
1021629902,2024/04/07,236.0,257.0,244.0,271.0,228.0,244.0,-0.19255,-0.06077,-0.9794,-0.30845,-0.06424,-0.94907,4.813,5.28,sober
1021646557,2024/04/07,223.0,254.0,240.0,270.0,207.0,237.0,-0.1939,-0.06103,-0.97912,-0.31395,-0.0663,-0.94712,4.804,5.217,sober
1021663212,2024/04/07,225.0,257.0,240.0,276.0,210.0,239.0,-0.19394,-0.05972,-0.97919,-0.31347,-0.06595,-0.9473,4.792,5.203,sober
1021679866,2024/04/07,230.0,263.0,250.0,291.0,210.0,235.0,-0.19134,-0.0551,-0.97998,-0.31351,-0.06727,-0.9472,4.798,5.192,sober
1021696521,2024/04/07,233.0,262.0,256.0,292.0,211.0,233.0,-0.18996,-0.055,-0.98025,-0.31345,-0.06803,-0.94716,4.785,5.179,sober
1021713176,2024/04/07,237.0,256.0,250.0,280.0,224.0,233.0,-0.19186,-0.05869,-0.97966,-0.31029,-0.0681,-0.9482,4.762,5.196,sober
1021729830,2024/04/07,237.0,254.0,248.0,278.0,225.0,230.0,-0.19245,-0.05954,-0.9795,-0.31021,-0.06927,-0.94814,4.744,5.188,sober
1021746485,2024/04/07,232.0,261.0,248.0,286.0,217.0,235.0,-0.19274,-0.05706,-0.97959,-0.31234,-0.06764,-0.94756,4.74,5.142,sober
1021763140,2024/04/07,237.0,261.0,251.0,282.0,223.0,239.0,-0.19192,-0.05853,-0.97966,-0.31084,-0.06673,-0.94812,4.733,5.131,sober
1021779794,2024/04/07,238.0,265.0,258.0,285.0,219.0,245.0,-0.19164,-0.0596,-0.97965,-0.31379,-0.06686,-0.94713,4.673,5.11,sober
1021796449,2024/04/07,702.0,650.0,714.0,663.0,691.0,638.0,-0.0571,0.05452,-0.99688,-0.18424,0.04835,-0.98169,4.637,5.058,sober
1021813104,2024/04/07,686.0,712.0,692.0,718.0,681.0,707.0,-0.0626,0.07231,-0.99542,-0.18542,0.07028,-0.98014,4.684,5.106,sober
1021829758,2024/04/07,658.0,770.0,663.0,781.0,654.0,758.0,-0.0707,0.09087,-0.99335,-0.19257,0.0848,-0.97761,4.721,5.143,sober
1021846413,2024/04/07,653.0,761.0,664.0,782.0,642.0,741.0,-0.07036,0.09119,-0.99335,-0.19616,0.0795,-0.97734,4.758,5.164,sober
1021863068,2024/04/07,656.0,768.0,669.0,790.0,643.0,745.0,-0.06908,0.09347,-0.99322,-0.19592,0.08076,-0.97729,4.753,5.153,sober
1021879723,2024/04/07,661.0,763.0,673.0,776.0,650.0,750.0,-0.0679,0.08933,-0.99368,-0.19419,0.08196,-0.97753,4.741,5.151,sober
1021896377,2024/04/07,662.0,761.0,673.0,773.0,652.0,750.0,-0.06818,0.08819,-0.99377,-0.1936,0.08185,-0.97766,4.74,5.147,sober
1021913032,2024/04/07,665.0,768.0,684.0,777.0,645.0,759.0,-0.06467,0.08944,-0.99389,-0.19553,0.08464,-0.97704,4.77,5.132,sober
1021929687,2024/04/07,669.0,768.0,691.0,779.0,647.0,757.0,-0.06275,0.09005,-0.99396,-0.19496,0.08387,-0.97722,4.77,5.121,sober
1021946341,2024/04/07,670.0,772.0,691.0,783.0,648.0,761.0,-0.06264,0.0911,-0.99387,-0.19477,0.08487,-0.97717,4.752,5.123,sober
1021962996,2024/04/07,666.0,771.0,688.0,779.0,645.0,763.0,-0.06351,0.08969,-0.99394,-0.19579,0.08536,-0.97692,4.746,5.105,sober
1021979652,2024/04/07,686.0,762.0,687.0,781.0,685.0,743.0,-0.06434,0.08999,-0.99386,-0.18467,0.07943,-0.97959,4.724,5.063,sober
1021996306,2024/04/07,753.0,787.0,753.0,812.0,753.0,763.0,-0.04452,0.09943,-0.99405,-0.16536,0.08543,-0.98253,4.717,5.03,sober
1022012961,2024/04/07,780.0,803.0,790.0,821.0,770.0,785.0,-0.03338,0.10254,-0.99417,-0.15995,0.09238,-0.98279,4.718,5.004,sober
1022029616,2024/04/07,777.0,799.0,791.0,816.0,763.0,782.0,-0.0327,0.101,-0.99435,-0.16192,0.09162,-0.98254,4.719,4.989,sober
1022046270,2024/04/07,779.0,793.0,791.0,816.0,767.0,771.0,-0.03299,0.10092,-0.99435,-0.16079,0.08811,-0.98305,4.709,4.973,sober
1022062925,2024/04/07,778.0,791.0,790.0,812.0,766.0,771.0,-0.03314,0.09963,-0.99447,-0.16119,0.08814,-0.98298,4.694,4.951,sober
1022079580,2024/04/07,779.0,803.0,795.0,822.0,764.0,784.0,-0.03176,0.10263,-0.99421,-0.16172,0.09206,-0.98253,4.714,4.939,sober
1022096233,2024/04/07,780.0,803.0,793.0,822.0,767.0,784.0,-0.03237,0.10272,-0.99418,-0.16081,0.09208,-0.98268,4.701,4.92,sober
1022112888,2024/04/07,782.0,797.0,790.0,812.0,774.0,782.0,-0.03321,0.09949,-0.99448,-0.15902,0.09128,-0.98305,4.673,4.906,sober
1022129543,2024/04/07,781.0,798.0,788.0,812.0,774.0,785.0,-0.03382,0.09961,-0.99445,-0.15895,0.09209,-0.98298,4.661,4.889,sober
1022146198,2024/04/07,787.0,796.0,791.0,807.0,783.0,785.0,-0.03311,0.09809,-0.99463,-0.15633,0.09225,-0.98339,4.648,4.883,sober
1022162852,2024/04/07,784.0,794.0,787.0,804.0,781.0,785.0,-0.03414,0.09727,-0.99467,-0.15672,0.09247,-0.98331,4.637,4.876,sober
1022179507,2024/04/07,783.0,800.0,793.0,811.0,773.0,788.0,-0.03225,0.09952,-0.99451,-0.15909,0.09349,-0.98283,4.656,4.859,sober
1022196162,2024/04/07,782.0,799.0,793.0,809.0,772.0,788.0,-0.03214,0.09897,-0.99457,-0.15929,0.09354,-0.98279,4.656,4.861,sober
1022212817,2024/04/07,783.0,792.0,787.0,806.0,780.0,777.0,-0.03384,0.09816,-0.99459,-0.15697,0.09044,-0.98345,4.636,4.887,sober
1022229472,2024/04/07,785.0,791.0,787.0,805.0,782.0,778.0,-0.03367,0.09794,-0.99462,-0.15632,0.09084,-0.98352,4.649,4.89,sober
1022246127,2024/04/07,788.0,794.0,804.0,800.0,771.0,789.0,-0.02852,0.09657,-0.99492,-0.15931,0.09437,-0.98271,4.674,4.881,sober
1022262781,2024/04/07,787.0,793.0,802.0,800.0,771.0,786.0,-0.02903,0.09688,-0.99487,-0.15924,0.09351,-0.9828,4.676,4.894,sober
1022279435,2024/04/07,783.0,791.0,788.0,801.0,777.0,780.0,-0.03312,0.09723,-0.99471,-0.15731,0.0921,-0.98325,4.674,4.905,sober
1022296091,2024/04/07,780.0,788.0,790.0,799.0,769.0,778.0,-0.03248,0.09676,-0.99478,-0.15964,0.09155,-0.98292,4.697,4.922,sober
1022312745,2024/04/07,781.0,791.0,792.0,797.0,770.0,784.0,-0.03197,0.09642,-0.99483,-0.15958,0.09341,-0.98276,4.712,4.951,sober
1022329400,2024/04/07,815.0,807.0,832.0,812.0,798.0,801.0,-0.02027,0.10092,-0.99469,-0.15137,0.09862,-0.98355,4.735,4.968,sober
1022346055,2024/04/07,833.0,807.0,851.0,816.0,816.0,799.0,-0.01448,0.10224,-0.99465,-0.14624,0.09826,-0.98436,4.76,4.968,sober
1022362709,2024/04/07,832.0,801.0,848.0,811.0,816.0,791.0,-0.01516,0.10095,-0.99478,-0.14598,0.09597,-0.98462,4.781,4.998,sober
1022379364,2024/04/07,829.0,809.0,836.0,823.0,821.0,795.0,-0.0188,0.10454,-0.99434,-0.14445,0.09735,-0.98471,4.78,5.021,sober
1022396019,2024/04/07,827.0,810.0,832.0,821.0,822.0,800.0,-0.01995,0.10388,-0.99439,-0.14433,0.0986,-0.98461,4.799,5.032,sober
1022412674,2024/04/07,831.0,805.0,835.0,812.0,826.0,798.0,-0.01879,0.10136,-0.99467,-0.14291,0.09815,-0.98486,4.817,5.058,sober
1022429328,2024/04/07,832.0,805.0,838.0,813.0,826.0,797.0,-0.01785,0.1019,-0.99463,-0.14293,0.09816,-0.98485,4.835,5.074,sober
1022445983,2024/04/07,831.0,807.0,847.0,809.0,814.0,806.0,-0.01498,0.10083,-0.99479,-0.1463,0.10065,-0.98411,4.848,5.078,sober
1022462638,2024/04/07,831.0,805.0,848.0,808.0,814.0,802.0,-0.01469,0.10051,-0.99483,-0.14609,0.09976,-0.98423,4.876,5.094,sober
1022479292,2024/04/07,838.0,807.0,852.0,815.0,825.0,798.0,-0.01341,0.10274,-0.99462,-0.14303,0.09874,-0.98478,4.895,5.125,sober
1022495947,2024/04/07,842.0,804.0,856.0,812.0,828.0,796.0,-0.01223,0.10184,-0.99473,-0.14202,0.09819,-0.98498,4.909,5.142,sober
1022512602,2024/04/07,840.0,795.0,852.0,804.0,828.0,787.0,-0.01319,0.09925,-0.99498,-0.14189,0.09548,-0.98527,4.912,5.151,sober
1022529256,2024/04/07,835.0,795.0,845.0,804.0,825.0,786.0,-0.01542,0.09952,-0.99492,-0.14288,0.09516,-0.98515,4.924,5.165,sober
1022545911,2024/04/07,833.0,802.0,844.0,811.0,821.0,792.0,-0.0154,0.10158,-0.99471,-0.14383,0.09695,-0.98484,4.927,5.176,sober
1022562566,2024/04/07,814.0,802.0,828.0,815.0,801.0,788.0,-0.02013,0.10251,-0.99453,-0.14944,0.09566,-0.98413,4.948,5.19,sober
1022579220,2024/04/07,763.0,801.0,781.0,816.0,745.0,786.0,-0.03366,0.10292,-0.99412,-0.16523,0.09485,-0.98168,4.952,5.203,sober
1022595875,2024/04/07,734.0,806.0,747.0,817.0,720.0,795.0,-0.04347,0.10324,-0.99371,-0.17233,0.09758,-0.98019,4.945,5.217,sober
1022612531,2024/04/07,742.0,802.0,755.0,804.0,728.0,800.0,-0.04103,0.0995,-0.99419,-0.16979,0.09904,-0.98049,4.952,5.251,sober
1022629185,2024/04/07,747.0,801.0,765.0,801.0,728.0,801.0,-0.03806,0.09846,-0.99441,-0.16978,0.09914,-0.98048,4.961,5.262,sober
1022645840,2024/04/07,747.0,802.0,760.0,808.0,734.0,796.0,-0.03962,0.10032,-0.99417,-0.1681,0.09789,-0.9809,4.951,5.253,sober
1022662495,2024/04/07,746.0,802.0,752.0,808.0,740.0,795.0,-0.04197,0.10037,-0.99406,-0.16645,0.09767,-0.9812,4.955,5.262,sober
1022679150,2024/04/07,746.0,807.0,759.0,811.0,733.0,804.0,-0.03992,0.10133,-0.99405,-0.16842,0.10005,-0.98063,4.977,5.271,sober
1022695804,2024/04/07,748.0,808.0,764.0,814.0,733.0,802.0,-0.0385,0.10222,-0.99402,-0.16843,0.09938,-0.98069,4.967,5.273,sober
1022712458,2024/04/07,744.0,802.0,756.0,809.0,731.0,795.0,-0.04082,0.10058,-0.99409,-0.16904,0.09732,-0.98079,4.946,5.264,sober
1022729113,2024/04/07,741.0,801.0,752.0,805.0,730.0,798.0,-0.04206,0.09922,-0.99418,-0.1693,0.09809,-0.98067,4.946,5.265,sober
1022745767,2024/04/07,740.0,806.0,744.0,811.0,736.0,801.0,-0.04458,0.10087,-0.9939,-0.16756,0.09899,-0.98088,4.943,5.269,sober
1022762422,2024/04/07,743.0,807.0,747.0,814.0,738.0,799.0,-0.04371,0.10168,-0.99386,-0.16706,0.09827,-0.98104,4.934,5.27,sober
1022779077,2024/04/07,744.0,798.0,758.0,809.0,729.0,787.0,-0.0402,0.10004,-0.99417,-0.16963,0.09445,-0.98097,4.924,5.283,sober
1022795731,2024/04/07,680.0,754.0,678.0,763.0,682.0,746.0,-0.064,0.08602,-0.99424,-0.18338,0.08193,-0.97962,4.917,5.293,sober
1022812386,2024/04/07,629.0,727.0,624.0,738.0,634.0,715.0,-0.07869,0.07938,-0.99373,-0.19521,0.07383,-0.97798,4.873,5.259,sober
1022829041,2024/04/07,213.0,244.0,196.0,250.0,230.0,239.0,-0.20338,-0.06488,-0.97695,-0.30544,-0.06392,-0.95006,4.824,5.273,sober
1022845695,2024/04/07,184.0,223.0,172.0,226.0,197.0,221.0,-0.21103,-0.07339,-0.97472,-0.31458,-0.07038,-0.94662,4.877,5.298,sober
1022862350,2024/04/07,151.0,218.0,147.0,217.0,156.0,218.0,-0.21798,-0.07547,-0.97303,-0.32495,-0.07045,-0.9431,4.855,5.283,sober
1022879005,2024/04/07,156.0,227.0,158.0,228.0,155.0,227.0,-0.21471,-0.07248,-0.97398,-0.32539,-0.06801,-0.94313,4.838,5.27,sober
1022895659,2024/04/07,160.0,217.0,163.0,217.0,158.0,218.0,-0.21359,-0.07525,-0.97402,-0.32483,-0.07011,-0.94317,4.911,5.281,sober
1022912315,2024/04/07,187.0,205.0,210.0,198.0,164.0,212.0,-0.20035,-0.08104,-0.97637,-0.32304,-0.072,-0.94364,4.899,5.283,sober
1022928970,2024/04/07,187.0,210.0,210.0,198.0,164.0,221.0,-0.1996,-0.08069,-0.97655,-0.32243,-0.0689,-0.94408,4.899,5.286,sober
1022945625,2024/04/07,147.0,189.0,nan,nan,147.0,189.0,nan,nan,nan,-0.32723,-0.07794,-0.94172,nan,5.276,sober
1022962279,2024/04/07,142.0,187.0,nan,nan,142.0,187.0,nan,nan,nan,-0.32795,-0.07869,-0.94141,nan,5.283,sober
1022978934,2024/04/07,166.0,213.0,nan,nan,166.0,213.0,nan,nan,nan,-0.32194,-0.07138,-0.94406,nan,5.322,sober
1022995589,2024/04/07,168.0,209.0,nan,nan,168.0,209.0,nan,nan,nan,-0.32073,-0.07225,-0.94441,nan,5.327,sober
1023012243,2024/04/07,161.0,203.0,nan,nan,161.0,203.0,nan,nan,nan,-0.32285,-0.07377,-0.94357,nan,5.318,sober
1023028898,2024/04/07,169.0,198.0,nan,nan,169.0,198.0,nan,nan,nan,-0.32004,-0.07492,-0.94444,nan,5.315,sober
1023045553,2024/04/07,176.0,207.0,nan,nan,176.0,207.0,nan,nan,nan,-0.31846,-0.07214,-0.94519,nan,5.337,sober
1023062207,2024/04/07,166.0,206.0,nan,nan,166.0,206.0,nan,nan,nan,-0.3207,-0.0725,-0.9444,nan,5.325,sober
1023078862,2024/04/07,155.0,208.0,nan,nan,155.0,208.0,nan,nan,nan,-0.3238,-0.07206,-0.94338,nan,5.279,sober
1023095517,2024/04/07,155.0,211.0,nan,nan,155.0,211.0,nan,nan,nan,-0.32354,-0.07045,-0.94359,nan,5.262,sober
1023112171,2024/04/07,154.0,212.0,nan,nan,154.0,212.0,nan,nan,nan,-0.32403,-0.07034,-0.94343,nan,5.261,sober
1023128826,2024/04/07,157.0,212.0,nan,nan,157.0,212.0,nan,nan,nan,-0.32276,-0.07049,-0.94385,nan,5.244,sober
1023145481,2024/04/07,154.0,223.0,nan,nan,154.0,223.0,nan,nan,nan,-0.32401,-0.06737,-0.94365,nan,5.221,sober
1023162135,2024/04/07,150.0,225.0,nan,nan,150.0,225.0,nan,nan,nan,-0.32448,-0.06671,-0.94354,nan,5.204,sober
1023178790,2024/04/07,150.0,213.0,nan,nan,150.0,213.0,nan,nan,nan,-0.32477,-0.07009,-0.94319,nan,5.166,sober
1023195445,2024/04/07,188.0,211.0,nan,nan,188.0,211.0,nan,nan,nan,-0.31439,-0.07015,-0.9467,nan,5.138,sober
1023212100,2024/04/07,232.0,210.0,nan,nan,232.0,210.0,nan,nan,nan,-0.30383,-0.0708,-0.95009,nan,5.134,sober
1023228755,2024/04/07,245.0,230.0,251.0,249.0,238.0,211.0,-0.18907,-0.06548,-0.97978,-0.30203,-0.07062,-0.95068,4.768,5.13,sober
1023245410,2024/04/07,242.0,221.0,248.0,242.0,235.0,200.0,-0.18826,-0.06753,-0.97979,-0.30178,-0.074,-0.9505,4.828,5.108,sober
1023262065,2024/04/07,247.0,225.0,256.0,246.0,239.0,203.0,-0.186,-0.06648,-0.9803,-0.30131,-0.07337,-0.9507,4.814,5.091,sober
1023278719,2024/04/07,236.0,231.0,257.0,252.0,215.0,209.0,-0.18604,-0.0652,-0.98038,-0.30821,-0.07213,-0.94858,4.802,5.066,sober
1023295374,2024/04/07,234.0,230.0,250.0,249.0,217.0,211.0,-0.1883,-0.06636,-0.97987,-0.30819,-0.07224,-0.94858,4.783,5.049,sober
1023312029,2024/04/07,245.0,240.0,236.0,258.0,255.0,221.0,-0.1927,-0.0642,-0.97916,-0.29898,-0.0699,-0.9517,4.762,5.045,sober
1023328682,2024/04/07,248.0,243.0,239.0,264.0,257.0,222.0,-0.19214,-0.0628,-0.97936,-0.2988,-0.07016,-0.95173,4.751,5.031,sober
1023345337,2024/04/07,257.0,242.0,256.0,259.0,258.0,225.0,-0.18729,-0.06459,-0.98018,-0.29869,-0.06964,-0.95181,4.743,5.038,sober
1023361992,2024/04/07,262.0,242.0,267.0,260.0,258.0,225.0,-0.1845,-0.06464,-0.9807,-0.29913,-0.07021,-0.95163,4.731,5.018,sober
1023378646,2024/04/07,259.0,249.0,266.0,269.0,253.0,228.0,-0.18484,-0.06208,-0.98081,-0.30068,-0.0694,-0.9512,4.734,4.987,sober
1023395301,2024/04/07,258.0,254.0,261.0,275.0,255.0,233.0,-0.18653,-0.06084,-0.98056,-0.30034,-0.06829,-0.95138,4.704,4.98,sober
1023411956,2024/04/07,257.0,250.0,254.0,266.0,260.0,234.0,-0.18854,-0.06357,-0.98001,-0.2991,-0.06841,-0.95177,4.668,4.963,sober
1023428610,2024/04/07,259.0,255.0,260.0,276.0,259.0,235.0,-0.18712,-0.06109,-0.98044,-0.29962,-0.06835,-0.95161,4.654,4.947,sober
1023445265,2024/04/07,263.0,258.0,262.0,282.0,264.0,233.0,-0.18633,-0.05923,-0.9807,-0.29831,-0.0692,-0.95196,4.65,4.939,sober
1023461920,2024/04/07,263.0,254.0,264.0,275.0,262.0,233.0,-0.18575,-0.06152,-0.98067,-0.29867,-0.06903,-0.95186,4.637,4.929,sober
1023478575,2024/04/07,263.0,248.0,262.0,262.0,263.0,233.0,-0.18634,-0.06551,-0.9803,-0.29847,-0.06921,-0.95191,4.623,4.918,sober
1023495229,2024/04/07,269.0,250.0,265.0,266.0,273.0,234.0,-0.18541,-0.06458,-0.98054,-0.29581,-0.06916,-0.95274,4.616,4.915,sober
1023511884,2024/04/07,272.0,251.0,275.0,275.0,269.0,227.0,-0.18286,-0.06206,-0.98118,-0.29714,-0.07144,-0.95216,4.618,4.905,sober
1023528539,2024/04/07,272.0,251.0,276.0,276.0,268.0,227.0,-0.18285,-0.06217,-0.98117,-0.2977,-0.07176,-0.95196,4.593,4.891,sober
1023545194,2024/04/07,270.0,255.0,272.0,272.0,268.0,239.0,-0.18417,-0.0635,-0.98084,-0.29792,-0.06834,-0.95214,4.573,4.883,sober
1023561849,2024/04/07,273.0,256.0,277.0,270.0,270.0,242.0,-0.18305,-0.06435,-0.981,-0.2978,-0.06774,-0.95222,4.578,4.871,sober
1023578504,2024/04/07,270.0,262.0,276.0,272.0,265.0,252.0,-0.18369,-0.06456,-0.98086,-0.29927,-0.06594,-0.95189,4.571,4.84,sober
1023595158,2024/04/07,273.0,265.0,281.0,274.0,266.0,256.0,-0.18266,-0.06443,-0.98106,-0.29956,-0.06519,-0.95185,4.559,4.805,sober
1023611813,2024/04/07,277.0,265.0,288.0,273.0,266.0,256.0,-0.18057,-0.06506,-0.98141,-0.2992,-0.06576,-0.95192,4.557,4.805,sober
1023628468,2024/04/07,289.0,274.0,289.0,274.0,nan,nan,-0.18066,-0.06532,-0.98137,nan,nan,nan,4.544,nan,sober
1023645122,2024/04/07,287.0,268.0,291.0,280.0,284.0,255.0,-0.18003,-0.06389,-0.98158,-0.29413,-0.06743,-0.95338,4.533,4.827,sober
1023661777,2024/04/07,283.0,279.0,290.0,292.0,276.0,266.0,-0.18128,-0.05939,-0.98164,-0.29753,-0.06323,-0.95262,4.531,4.797,sober
1023678432,2024/04/07,322.0,313.0,301.0,303.0,343.0,323.0,-0.17921,-0.05786,-0.98211,-0.28077,-0.04821,-0.95856,4.489,4.782,sober
1023695086,2024/04/07,570.0,597.0,625.0,673.0,514.0,521.0,-0.08185,0.05571,-0.99509,-0.23324,0.01102,-0.97236,4.494,4.762,sober
1023711741,2024/04/07,648.0,738.0,643.0,739.0,652.0,738.0,-0.0753,0.07607,-0.99426,-0.19208,0.07714,-0.97834,4.561,4.781,sober
1023728396,2024/04/07,652.0,816.0,646.0,826.0,659.0,806.0,-0.07423,0.10204,-0.99201,-0.18962,0.09706,-0.97705,4.6,4.808,sober
1023745051,2024/04/07,640.0,811.0,640.0,819.0,639.0,803.0,-0.07589,0.09955,-0.99213,-0.19543,0.096,-0.97601,4.604,4.819,sober
1023761705,2024/04/07,645.0,813.0,647.0,820.0,643.0,806.0,-0.07392,0.09999,-0.99224,-0.19454,0.09696,-0.97609,4.59,4.806,sober
1023778360,2024/04/07,648.0,816.0,649.0,824.0,646.0,807.0,-0.07336,0.10133,-0.99214,-0.19349,0.09739,-0.97626,4.599,4.816,sober
1023795015,2024/04/07,644.0,816.0,649.0,826.0,639.0,807.0,-0.07311,0.10178,-0.99212,-0.19559,0.09739,-0.97584,4.595,4.815,sober
1023811669,2024/04/07,645.0,819.0,652.0,825.0,637.0,813.0,-0.07226,0.10176,-0.99218,-0.19603,0.09934,-0.97555,4.586,4.806,sober
1023828324,2024/04/07,645.0,817.0,649.0,820.0,641.0,814.0,-0.07308,0.10001,-0.9923,-0.19481,0.09939,-0.97579,4.585,4.812,sober
1023844979,2024/04/07,638.0,808.0,641.0,809.0,636.0,807.0,-0.07547,0.09663,-0.99246,-0.19628,0.09749,-0.97569,4.557,4.797,sober
1023861633,2024/04/07,640.0,803.0,641.0,807.0,639.0,799.0,-0.07523,0.09649,-0.99249,-0.19548,0.09535,-0.97606,4.546,4.798,sober
1023878288,2024/04/07,649.0,809.0,654.0,819.0,644.0,799.0,-0.07141,0.10006,-0.99242,-0.19405,0.0953,-0.97635,4.579,4.816,sober
1023894943,2024/04/07,651.0,815.0,656.0,827.0,645.0,802.0,-0.07059,0.10253,-0.99222,-0.19383,0.0961,-0.97632,4.568,4.817,sober
1023911597,2024/04/07,636.0,808.0,643.0,816.0,628.0,800.0,-0.07513,0.09871,-0.99228,-0.19908,0.09493,-0.97537,4.541,4.773,sober
1023928252,2024/04/07,635.0,805.0,639.0,812.0,631.0,798.0,-0.07587,0.09802,-0.99229,-0.19809,0.09476,-0.97559,4.547,4.782,sober
1023944906,2024/04/07,643.0,805.0,641.0,810.0,645.0,800.0,-0.07527,0.09715,-0.99242,-0.19414,0.09499,-0.97636,4.546,4.854,sober
1023961560,2024/04/07,645.0,803.0,645.0,809.0,645.0,798.0,-0.07365,0.09711,-0.99254,-0.19369,0.09496,-0.97646,4.542,4.853,sober
1023978215,2024/04/07,642.0,795.0,643.0,804.0,642.0,787.0,-0.07422,0.0955,-0.99266,-0.19457,0.09169,-0.97659,4.539,4.826,sober
1023994870,2024/04/07,694.0,804.0,697.0,810.0,691.0,799.0,-0.05769,0.09801,-0.99351,-0.18007,0.09597,-0.97896,4.556,4.835,sober
1024011525,2024/04/07,783.0,817.0,772.0,815.0,793.0,818.0,-0.03536,0.0999,-0.99437,-0.15046,0.10226,-0.98331,4.575,4.851,sober
1024028179,2024/04/07,834.0,814.0,831.0,812.0,837.0,817.0,-0.01765,0.09863,-0.99497,-0.13774,0.10187,-0.98522,4.608,4.872,sober
1024044834,2024/04/07,835.0,821.0,835.0,827.0,835.0,815.0,-0.01626,0.1033,-0.99452,-0.13828,0.10154,-0.98517,4.631,4.877,sober
1024061489,2024/04/07,837.0,820.0,839.0,827.0,835.0,813.0,-0.015,0.10322,-0.99455,-0.13833,0.10076,-0.98525,4.642,4.882,sober
1024078143,2024/04/07,832.0,817.0,836.0,822.0,827.0,812.0,-0.01589,0.10169,-0.99469,-0.14046,0.10029,-0.98499,4.647,4.886,sober
1024094798,2024/04/07,832.0,817.0,836.0,819.0,828.0,815.0,-0.01586,0.1004,-0.99482,-0.14038,0.10112,-0.98492,4.663,4.899,sober
1024111453,2024/04/07,834.0,817.0,841.0,820.0,827.0,815.0,-0.01444,0.10055,-0.99483,-0.14059,0.10091,-0.98491,4.692,4.924,sober
1024128107,2024/04/07,832.0,819.0,837.0,824.0,826.0,814.0,-0.01567,0.10175,-0.99469,-0.14103,0.10071,-0.98487,4.711,4.939,sober
1024144762,2024/04/07,842.0,805.0,831.0,816.0,854.0,794.0,-0.01756,0.0995,-0.99488,-0.13271,0.09492,-0.9866,4.705,4.956,sober
1024161417,2024/04/07,844.0,801.0,837.0,812.0,852.0,791.0,-0.0157,0.09853,-0.99501,-0.13324,0.09394,-0.98662,4.728,4.979,sober
1024178071,2024/04/07,832.0,809.0,842.0,816.0,823.0,803.0,-0.01415,0.09976,-0.99491,-0.14166,0.09754,-0.9851,4.745,5.001,sober
1024194726,2024/04/07,832.0,809.0,840.0,816.0,824.0,802.0,-0.01452,0.09975,-0.99491,-0.1412,0.09718,-0.9852,4.775,5.023,sober
1024211381,2024/04/07,824.0,805.0,828.0,814.0,819.0,797.0,-0.01814,0.09896,-0.99493,-0.14254,0.09536,-0.98518,4.785,5.032,sober
1024228035,2024/04/07,822.0,801.0,826.0,806.0,817.0,796.0,-0.01851,0.09642,-0.99517,-0.14319,0.09508,-0.98512,4.796,5.053,sober
1024244690,2024/04/07,864.0,803.0,862.0,804.0,867.0,803.0,-0.00801,0.09562,-0.99539,-0.12886,0.09682,-0.98693,4.815,5.073,sober
1024261345,2024/04/07,1036.0,718.0,1031.0,718.0,1041.0,718.0,0.04229,0.07079,-0.99659,-0.0781,0.07297,-0.99427,4.836,5.088,sober
1024278000,2024/04/07,1231.0,579.0,1202.0,599.0,1259.0,559.0,0.09279,0.03582,-0.99504,-0.01342,0.02611,-0.99957,4.858,5.124,sober
1024294654,2024/04/07,1368.0,492.0,1358.0,508.0,1378.0,476.0,0.13916,0.00743,-0.99024,0.02304,9e-05,-0.99973,4.88,5.139,sober
1024311309,2024/04/07,1372.0,492.0,1364.0,517.0,1380.0,466.0,0.14093,0.01039,-0.98996,0.0235,-0.00283,-0.99972,4.896,5.14,sober
1024327964,2024/04/07,1371.0,494.0,1364.0,523.0,1377.0,465.0,0.1411,0.01224,-0.98992,0.02295,-0.00297,-0.99973,4.891,5.142,sober
1024344618,2024/04/07,1371.0,493.0,1365.0,518.0,1377.0,468.0,0.14153,0.01043,-0.98988,0.02301,-0.00239,-0.99973,4.898,5.148,sober
1024361273,2024/04/07,1371.0,496.0,1365.0,521.0,1377.0,471.0,0.14132,0.01115,-0.9899,0.02295,-0.00159,-0.99974,4.898,5.155,sober
1024377928,2024/04/07,1376.0,493.0,1368.0,515.0,1385.0,472.0,0.14229,0.00924,-0.98978,0.02522,-0.00132,-0.99968,4.878,5.156,sober
1024394582,2024/04/07,1376.0,494.0,1369.0,514.0,1382.0,474.0,0.14259,0.00917,-0.98974,0.02447,-0.00063,-0.9997,4.873,5.157,sober
1024411237,2024/04/07,1365.0,508.0,1358.0,525.0,1371.0,490.0,0.13937,0.0125,-0.99016,0.02089,0.00429,-0.99977,4.88,5.204,sober
1024427892,2024/04/07,1364.0,506.0,1357.0,526.0,1371.0,486.0,0.13894,0.01277,-0.99022,0.02086,0.00293,-0.99978,4.874,5.201,sober
1024444546,2024/04/07,1383.0,493.0,1375.0,520.0,1391.0,466.0,0.14409,0.01107,-0.9895,0.02706,-0.00322,-0.99963,4.856,5.138,sober
1024461201,2024/04/07,1385.0,493.0,1372.0,522.0,1398.0,465.0,0.14316,0.01143,-0.98963,0.02892,-0.00332,-0.99958,4.842,5.128,sober
1024477856,2024/04/07,1376.0,498.0,1366.0,527.0,1385.0,468.0,0.1415,0.01311,-0.98985,0.02491,-0.00244,-0.99969,4.84,5.112,sober
1024494510,2024/04/07,1376.0,493.0,1366.0,523.0,1385.0,464.0,0.14136,0.01146,-0.98989,0.02512,-0.00384,-0.99968,4.83,5.09,sober
1024511165,2024/04/07,1373.0,492.0,1363.0,519.0,1383.0,466.0,0.14042,0.01018,-0.99004,0.02437,-0.00359,-0.9997,4.817,5.096,sober
1024527820,2024/04/07,1370.0,499.0,1364.0,526.0,1377.0,471.0,0.14066,0.01244,-0.98998,0.02242,-0.00189,-0.99975,4.789,5.068,sober
1024544475,2024/04/07,1367.0,503.0,1356.0,536.0,1379.0,470.0,0.13821,0.01516,-0.99029,0.02288,-0.00236,-0.99974,4.769,5.026,sober
1024561128,2024/04/07,1366.0,503.0,1355.0,536.0,1378.0,470.0,0.13803,0.01501,-0.99031,0.0225,-0.00261,-0.99974,4.725,4.99,sober
1024577783,2024/04/07,1369.0,497.0,1359.0,522.0,1379.0,472.0,0.13916,0.01076,-0.99021,0.02287,-0.00247,-0.99974,4.692,4.939,sober
1024594438,2024/04/07,1337.0,495.0,1315.0,520.0,1358.0,469.0,0.12637,0.00962,-0.99194,0.01656,-0.00365,-0.99986,4.644,4.895,sober
1024611092,2024/04/07,1187.0,512.0,1181.0,532.0,1193.0,492.0,0.08673,0.01492,-0.99612,-0.03303,0.00511,-0.99944,4.588,4.871,sober
1024627747,2024/04/07,960.0,514.0,944.0,529.0,977.0,499.0,0.01672,0.01499,-0.99975,-0.09655,0.00796,-0.9953,4.546,4.865,sober
1024644402,2024/04/07,910.0,494.0,907.0,516.0,913.0,473.0,0.00556,0.01023,-0.99993,-0.11551,-0.00032,-0.99331,4.537,4.868,sober
1024661056,2024/04/07,916.0,501.0,918.0,523.0,915.0,479.0,0.00859,0.0128,-0.99988,-0.11534,0.00172,-0.99332,4.488,4.831,sober
1024677711,2024/04/07,915.0,503.0,920.0,525.0,910.0,482.0,0.00887,0.01383,-0.99986,-0.11681,0.00316,-0.99315,4.456,4.752,sober
1024694366,2024/04/07,913.0,502.0,918.0,523.0,909.0,481.0,0.00821,0.01357,-0.99987,-0.11729,0.00311,-0.99309,4.422,4.728,sober
1024711020,2024/04/07,915.0,518.0,912.0,540.0,917.0,497.0,0.00653,0.01863,-0.9998,-0.11489,0.00815,-0.99334,4.427,4.729,sober
1024727675,2024/04/07,915.0,515.0,911.0,536.0,920.0,494.0,0.00599,0.01765,-0.99983,-0.11426,0.00714,-0.99343,4.395,4.706,sober
1024744330,2024/04/07,911.0,510.0,910.0,534.0,912.0,485.0,0.00539,0.01698,-0.99984,-0.11652,0.00464,-0.99318,4.363,4.676,sober
1024760984,2024/04/07,911.0,513.0,912.0,537.0,911.0,489.0,0.00584,0.01792,-0.99982,-0.11727,0.00588,-0.99308,4.344,4.664,sober
1024777639,2024/04/07,911.0,517.0,915.0,536.0,907.0,499.0,0.0068,0.01731,-0.99983,-0.1185,0.00836,-0.99292,4.333,4.629,sober
1024794294,2024/04/07,910.0,522.0,911.0,537.0,909.0,506.0,0.00527,0.01737,-0.99984,-0.11806,0.00983,-0.99296,4.321,4.61,sober
1024810949,2024/04/07,870.0,552.0,831.0,599.0,909.0,506.0,-0.01825,0.03566,-0.9992,-0.11728,0.00968,-0.99305,4.29,4.61,sober
1024827603,2024/04/07,639.0,821.0,667.0,792.0,611.0,849.0,-0.06711,0.09291,-0.99341,-0.20199,0.10971,-0.97322,4.289,4.617,sober
1024844258,2024/04/07,626.0,832.0,635.0,835.0,617.0,828.0,-0.07728,0.10481,-0.99149,-0.20134,0.10293,-0.9741,4.285,4.671,sober
1024860913,2024/04/07,633.0,819.0,643.0,827.0,623.0,811.0,-0.07528,0.10181,-0.99195,-0.2002,0.09751,-0.97489,4.269,4.656,sober
1024877567,2024/04/07,633.0,828.0,639.0,837.0,627.0,820.0,-0.07684,0.10458,-0.99154,-0.19928,0.09987,-0.97484,4.249,4.632,sober
1024894222,2024/04/07,633.0,827.0,639.0,835.0,627.0,819.0,-0.07707,0.1038,-0.99161,-0.1997,0.0995,-0.97479,4.237,4.618,sober
1024910877,2024/04/07,634.0,822.0,647.0,832.0,622.0,813.0,-0.07511,0.10292,-0.99185,-0.20153,0.0975,-0.97462,4.234,4.591,sober
1024927531,2024/04/07,636.0,824.0,645.0,834.0,628.0,813.0,-0.07591,0.10356,-0.99172,-0.20004,0.09774,-0.9749,4.221,4.58,sober
1024944186,2024/04/07,642.0,831.0,650.0,845.0,633.0,816.0,-0.07464,0.10711,-0.99144,-0.19867,0.09879,-0.97507,4.234,4.579,sober
1024960841,2024/04/07,640.0,833.0,649.0,845.0,630.0,821.0,-0.07516,0.10753,-0.99136,-0.19966,0.10042,-0.97471,4.23,4.569,sober
1024977495,2024/04/07,652.0,826.0,652.0,833.0,651.0,819.0,-0.07425,0.10422,-0.99178,-0.19369,0.10029,-0.97592,4.216,4.575,sober
1024994150,2024/04/07,651.0,825.0,652.0,836.0,651.0,815.0,-0.07459,0.10531,-0.99164,-0.19392,0.09952,-0.97596,4.217,4.571,sober
1025010805,2024/04/07,644.0,829.0,652.0,837.0,636.0,822.0,-0.07471,0.10599,-0.99156,-0.1982,0.10185,-0.97486,4.221,4.553,sober
1025027459,2024/04/07,644.0,830.0,652.0,834.0,637.0,826.0,-0.07479,0.10536,-0.99162,-0.19804,0.10337,-0.97473,4.227,4.555,sober
1025044114,2024/04/07,646.0,825.0,650.0,832.0,642.0,818.0,-0.07542,0.1047,-0.99164,-0.19672,0.10109,-0.97524,4.231,4.552,sober
1025060769,2024/04/07,712.0,823.0,717.0,825.0,708.0,821.0,-0.05527,0.10345,-0.9931,-0.17774,0.10288,-0.97869,4.254,4.558,sober
1025077424,2024/04/07,817.0,821.0,811.0,829.0,823.0,813.0,-0.02764,0.10473,-0.99412,-0.14493,0.10101,-0.98427,4.286,4.587,sober
1025094078,2024/04/07,876.0,816.0,878.0,831.0,875.0,801.0,-0.00789,0.10489,-0.99445,-0.13011,0.09707,-0.98674,4.328,4.615,sober
1025110733,2024/04/07,879.0,815.0,882.0,828.0,875.0,802.0,-0.00652,0.10364,-0.99459,-0.13013,0.09692,-0.98675,4.344,4.618,sober
1025127388,2024/04/07,884.0,816.0,893.0,830.0,876.0,803.0,-0.00333,0.10398,-0.99457,-0.12991,0.09694,-0.98677,4.357,4.624,sober
1025144042,2024/04/07,882.0,818.0,883.0,832.0,880.0,804.0,-0.00629,0.10459,-0.9945,-0.12864,0.09703,-0.98693,4.37,4.641,sober
1025160697,2024/04/07,879.0,817.0,876.0,832.0,881.0,803.0,-0.00853,0.10484,-0.99445,-0.12849,0.09693,-0.98696,4.405,4.665,sober
1025177351,2024/04/07,874.0,815.0,874.0,828.0,874.0,803.0,-0.01124,0.10306,-0.99461,-0.13224,0.09615,-0.98654,4.419,4.689,sober
1025194005,2024/04/07,876.0,812.0,880.0,822.0,873.0,803.0,-0.00764,0.10147,-0.99481,-0.13116,0.0964,-0.98666,4.443,4.705,sober
1025210660,2024/04/07,875.0,812.0,878.0,824.0,872.0,800.0,-0.00827,0.10216,-0.99473,-0.13136,0.09558,-0.98672,4.457,4.726,sober
1025227315,2024/04/07,874.0,818.0,872.0,832.0,875.0,804.0,-0.00999,0.1047,-0.99445,-0.13062,0.0968,-0.9867,4.498,4.746,sober
1025243969,2024/04/07,873.0,824.0,875.0,834.0,871.0,814.0,-0.00923,0.10586,-0.99434,-0.13182,0.10023,-0.98619,4.529,4.754,sober
1025260624,2024/04/07,872.0,825.0,874.0,833.0,871.0,817.0,-0.00927,0.1058,-0.99434,-0.13176,0.10129,-0.98609,4.556,4.779,sober
1025277279,2024/04/07,873.0,820.0,867.0,830.0,879.0,810.0,-0.0111,0.10543,-0.99436,-0.12921,0.09995,-0.98657,4.581,4.798,sober
1025293933,2024/04/07,885.0,818.0,878.0,830.0,892.0,806.0,-0.00773,0.10574,-0.99436,-0.12527,0.09905,-0.98717,4.608,4.824,sober
1025310588,2024/04/07,993.0,846.0,987.0,853.0,999.0,839.0,0.02486,0.1121,-0.99339,-0.0939,0.10878,-0.98962,4.625,4.848,sober
1025327243,2024/04/07,1149.0,888.0,1181.0,907.0,1117.0,868.0,0.0825,0.1277,-0.98838,-0.05897,0.11762,-0.99131,4.65,4.896,sober
1025343898,2024/04/07,1213.0,905.0,1205.0,914.0,1220.0,896.0,0.08996,0.12957,-0.98748,-0.02751,0.12611,-0.99163,4.659,4.934,sober
1025360552,2024/04/07,1204.0,907.0,1202.0,913.0,1207.0,901.0,0.08952,0.12891,-0.98761,-0.03116,0.12707,-0.9914,4.689,4.912,sober
1025377207,2024/04/07,1203.0,906.0,1212.0,915.0,1195.0,898.0,0.09348,0.12925,-0.9872,-0.03402,0.12634,-0.9914,4.707,4.927,sober
1025393862,2024/04/07,1204.0,905.0,1214.0,915.0,1194.0,895.0,0.09452,0.12907,-0.98712,-0.03384,0.12556,-0.99151,4.733,4.947,sober
1025410516,2024/04/07,1205.0,905.0,1214.0,919.0,1195.0,891.0,0.09495,0.13016,-0.98694,-0.03306,0.12442,-0.99168,4.768,4.971,sober
1025427171,2024/04/07,1206.0,907.0,1214.0,921.0,1199.0,893.0,0.09493,0.13065,-0.98687,-0.0317,0.12483,-0.99167,4.788,4.993,sober
1025443826,2024/04/07,1209.0,908.0,1212.0,915.0,1205.0,900.0,0.09478,0.1289,-0.98712,-0.02966,0.12699,-0.99146,4.781,5.002,sober
1025460480,2024/04/07,1207.0,903.0,1212.0,911.0,1203.0,896.0,0.09469,0.12747,-0.98731,-0.03021,0.12559,-0.99162,4.794,5.015,sober
1025477135,2024/04/07,1210.0,915.0,1217.0,916.0,1203.0,914.0,0.09658,0.12891,-0.98694,-0.02989,0.13098,-0.99093,4.81,5.027,sober
1025493790,2024/04/07,1213.0,915.0,1221.0,917.0,1205.0,914.0,0.09761,0.12951,-0.98676,-0.02929,0.13136,-0.9909,4.809,5.037,sober
1025510444,2024/04/07,1216.0,905.0,1215.0,914.0,1216.0,896.0,0.09605,0.12936,-0.98693,-0.02577,0.12669,-0.99161,4.792,5.084,sober
1025527099,2024/04/07,1211.0,909.0,1208.0,918.0,1215.0,899.0,0.0939,0.13101,-0.98692,-0.02606,0.12803,-0.99143,4.774,5.091,sober
1025543754,2024/04/07,1205.0,902.0,1224.0,914.0,1187.0,889.0,0.09881,0.12995,-0.98658,-0.03442,0.12533,-0.99152,4.762,5.072,sober
1025560408,2024/04/07,1205.0,902.0,1227.0,915.0,1183.0,889.0,0.09976,0.1302,-0.98646,-0.03557,0.1256,-0.99144,4.738,5.075,sober
1025577063,2024/04/07,1205.0,900.0,1213.0,915.0,1197.0,886.0,0.09592,0.13038,-0.98681,-0.0314,0.12453,-0.99172,4.724,5.083,sober
1025593718,2024/04/07,1207.0,894.0,1217.0,911.0,1197.0,877.0,0.09697,0.12897,-0.9869,-0.03108,0.12179,-0.99207,4.711,5.086,sober
1025610373,2024/04/07,1204.0,891.0,1204.0,904.0,1203.0,877.0,0.09344,0.12698,-0.98749,-0.02934,0.12153,-0.99215,4.691,5.069,sober
1025627027,2024/04/07,1202.0,884.0,1195.0,896.0,1210.0,872.0,0.09057,0.1243,-0.9881,-0.02716,0.12007,-0.99239,4.671,5.071,sober
1025643682,2024/04/07,1200.0,879.0,1190.0,893.0,1210.0,865.0,0.08932,0.1233,-0.98834,-0.02734,0.11775,-0.99267,4.664,5.075,sober
1025660337,2024/04/07,1197.0,871.0,1186.0,886.0,1208.0,857.0,0.08812,0.12097,-0.98874,-0.02792,0.11512,-0.99296,4.664,5.085,sober
1025676991,2024/04/07,1192.0,858.0,1191.0,874.0,1193.0,842.0,0.08958,0.11692,-0.98909,-0.03231,0.10999,-0.99341,4.669,5.096,sober
1025693646,2024/04/07,1192.0,840.0,1191.0,856.0,1192.0,824.0,0.08962,0.11124,-0.98974,-0.03279,0.10416,-0.99402,4.662,5.105,sober
1025710301,2024/04/07,1196.0,838.0,1196.0,857.0,1196.0,818.0,0.091,0.11121,-0.98962,-0.03166,0.10227,-0.99425,4.667,5.108,sober
1025726955,2024/04/07,1193.0,826.0,1191.0,844.0,1196.0,809.0,0.08933,0.10718,-0.99022,-0.03179,0.09948,-0.99453,4.667,5.114,sober
1025743610,2024/04/07,1165.0,812.0,1159.0,837.0,1170.0,787.0,0.07987,0.10584,-0.99117,-0.03937,0.09344,-0.99485,4.663,5.122,sober
1025760265,2024/04/07,971.0,794.0,949.0,815.0,994.0,773.0,0.01779,0.09989,-0.99484,-0.09141,0.08922,-0.99181,4.664,5.148,sober
1025776919,2024/04/07,823.0,784.0,820.0,795.0,827.0,773.0,-0.02221,0.09236,-0.99548,-0.14171,0.0871,-0.98607,4.665,5.169,sober
1025793573,2024/04/07,774.0,783.0,769.0,794.0,779.0,772.0,-0.03594,0.09443,-0.99488,-0.15424,0.08931,-0.98399,4.663,5.161,sober
1025810228,2024/04/07,774.0,777.0,771.0,798.0,778.0,756.0,-0.03549,0.09618,-0.99473,-0.15454,0.0851,-0.98431,4.668,5.184,sober
1025826882,2024/04/07,771.0,769.0,767.0,790.0,775.0,748.0,-0.03656,0.09373,-0.99493,-0.15542,0.08281,-0.98437,4.683,5.216,sober
1025843537,2024/04/07,775.0,763.0,772.0,778.0,779.0,748.0,-0.03507,0.09051,-0.99528,-0.15439,0.08305,-0.98451,4.704,5.236,sober
1025860192,2024/04/07,777.0,761.0,778.0,778.0,777.0,743.0,-0.03319,0.09076,-0.99532,-0.15492,0.08194,-0.98452,4.722,5.251,sober
1025876847,2024/04/07,762.0,764.0,767.0,780.0,756.0,749.0,-0.03659,0.09128,-0.99515,-0.16096,0.08363,-0.98341,4.723,5.224,sober
1025893501,2024/04/07,765.0,755.0,775.0,770.0,755.0,740.0,-0.03419,0.08837,-0.9955,-0.16131,0.08055,-0.98361,4.744,5.265,sober
1025910156,2024/04/07,778.0,743.0,778.0,768.0,778.0,718.0,-0.03383,0.08815,-0.99553,-0.15542,0.07472,-0.98502,4.771,5.326,sober
1025926811,2024/04/07,780.0,732.0,781.0,755.0,778.0,709.0,-0.03268,0.08367,-0.99596,-0.15531,0.07117,-0.9853,4.785,5.339,sober
1025943465,2024/04/07,774.0,721.0,780.0,742.0,767.0,701.0,-0.03312,0.07913,-0.99631,-0.15858,0.0683,-0.98498,4.801,5.345,sober
1025960120,2024/04/07,770.0,707.0,772.0,725.0,768.0,690.0,-0.03581,0.07347,-0.99665,-0.15847,0.06448,-0.98526,4.825,5.363,sober
1025976775,2024/04/07,774.0,702.0,779.0,722.0,769.0,683.0,-0.03366,0.07217,-0.99682,-0.15837,0.06216,-0.98542,4.832,5.376,sober
1025993429,2024/04/07,776.0,700.0,784.0,723.0,768.0,677.0,-0.03217,0.07255,-0.99685,-0.15867,0.06043,-0.98548,4.852,5.392,sober
1026010084,2024/04/07,768.0,696.0,776.0,723.0,761.0,669.0,-0.03447,0.0729,-0.99674,-0.16073,0.05814,-0.98528,4.848,5.456,sober
1026026739,2024/04/07,771.0,695.0,782.0,719.0,760.0,670.0,-0.0327,0.07179,-0.99688,-0.16083,0.05868,-0.98524,4.859,5.466,sober
1026043393,2024/04/07,775.0,695.0,783.0,711.0,767.0,678.0,-0.03207,0.06974,-0.99705,-0.15853,0.06119,-0.98546,4.879,5.433,sober
1026060048,2024/04/07,776.0,691.0,780.0,704.0,772.0,677.0,-0.03279,0.06772,-0.99717,-0.15694,0.06105,-0.98572,4.887,5.443,sober
1026076703,2024/04/07,786.0,685.0,787.0,710.0,786.0,659.0,-0.03053,0.06963,-0.99711,-0.15282,0.05593,-0.98667,4.901,5.484,sober
1026093357,2024/04/07,782.0,684.0,781.0,714.0,783.0,654.0,-0.03213,0.071,-0.99696,-0.15348,0.05484,-0.98663,4.919,5.497,sober
1026110012,2024/04/07,771.0,697.0,771.0,715.0,771.0,678.0,-0.03478,0.07169,-0.99682,-0.1565,0.06237,-0.98571,4.91,5.489,sober
1026126667,2024/04/07,695.0,800.0,692.0,824.0,699.0,777.0,-0.05779,0.10342,-0.99296,-0.17646,0.09063,-0.98013,4.94,5.512,sober
1026143322,2024/04/07,620.0,923.0,633.0,920.0,607.0,925.0,-0.07507,0.13104,-0.98853,-0.20149,0.13274,-0.97045,4.946,5.5,sober
1026159976,2024/04/07,615.0,961.0,624.0,967.0,605.0,955.0,-0.07746,0.14459,-0.98646,-0.2016,0.14132,-0.96922,4.95,5.492,sober
1026176631,2024/04/07,621.0,956.0,627.0,960.0,616.0,953.0,-0.07665,0.14238,-0.98684,-0.19861,0.14045,-0.96996,4.965,5.504,sober
1026193286,2024/04/07,617.0,963.0,624.0,968.0,611.0,958.0,-0.07748,0.14429,-0.9865,-0.19998,0.14165,-0.96951,4.978,5.513,sober
1026209940,2024/04/07,613.0,961.0,627.0,976.0,600.0,947.0,-0.07664,0.14593,-0.98632,-0.20344,0.13764,-0.96936,4.976,5.47,sober
1026226595,2024/04/07,614.0,961.0,630.0,975.0,599.0,947.0,-0.07558,0.14536,-0.98649,-0.20324,0.13728,-0.96946,4.986,5.476,sober
1026243250,2024/04/07,611.0,964.0,622.0,981.0,599.0,947.0,-0.07818,0.1477,-0.98594,-0.20361,0.1377,-0.96932,4.985,5.476,sober
1026259904,2024/04/07,619.0,978.0,619.0,978.0,nan,nan,-0.0796,0.14664,-0.98598,nan,nan,nan,4.994,nan,sober
1026276559,2024/04/07,630.0,978.0,630.0,978.0,nan,nan,-0.07541,0.14622,-0.98637,nan,nan,nan,5.019,nan,sober
1026293214,2024/04/07,630.0,985.0,630.0,985.0,nan,nan,-0.07545,0.14827,-0.98606,nan,nan,nan,5.027,nan,sober
1026309868,2024/04/07,616.0,967.0,616.0,978.0,615.0,956.0,-0.08005,0.14663,-0.98595,-0.19856,0.13909,-0.97017,5.014,5.54,sober
1026326523,2024/04/07,612.0,965.0,615.0,978.0,610.0,952.0,-0.08101,0.1472,-0.98578,-0.20059,0.13889,-0.96978,5.023,5.514,sober
1026343178,2024/04/07,633.0,962.0,631.0,976.0,635.0,948.0,-0.07596,0.14693,-0.98623,-0.1934,0.13849,-0.9713,5.046,5.544,sober
1026359832,2024/04/07,624.0,934.0,621.0,941.0,626.0,928.0,-0.07894,0.13693,-0.98743,-0.19618,0.13294,-0.97151,5.049,5.55,sober
1026376487,2024/04/07,589.0,894.0,595.0,905.0,583.0,883.0,-0.08676,0.1265,-0.98816,-0.20868,0.12026,-0.97056,5.053,5.531,sober
1026393142,2024/04/07,583.0,868.0,590.0,875.0,577.0,861.0,-0.0882,0.11777,-0.98912,-0.21048,0.114,-0.97093,5.061,5.52,sober
1026409796,2024/04/07,590.0,863.0,597.0,870.0,583.0,856.0,-0.0862,0.11615,-0.98948,-0.20873,0.11255,-0.97148,5.059,5.526,sober
1026426450,2024/04/07,584.0,853.0,589.0,860.0,580.0,847.0,-0.08855,0.11267,-0.98968,-0.20982,0.1095,-0.97159,5.063,5.53,sober
1026443105,2024/04/07,581.0,836.0,581.0,850.0,581.0,823.0,-0.09109,0.10905,-0.98985,-0.20986,0.10209,-0.97239,5.073,5.539,sober
1026459760,2024/04/07,581.0,819.0,581.0,834.0,582.0,804.0,-0.0912,0.10402,-0.99038,-0.20974,0.09624,-0.97301,5.086,5.547,sober
1026476414,2024/04/07,579.0,818.0,588.0,830.0,570.0,805.0,-0.08874,0.10252,-0.99077,-0.21272,0.09588,-0.9724,5.094,5.503,sober
1026493069,2024/04/07,583.0,789.0,588.0,810.0,578.0,767.0,-0.08923,0.09673,-0.9913,-0.2108,0.08493,-0.97383,5.096,5.513,sober
1026509724,2024/04/07,600.0,762.0,592.0,794.0,609.0,729.0,-0.08874,0.09176,-0.99182,-0.2027,0.07336,-0.97649,5.105,5.554,sober
1026526378,2024/04/07,600.0,746.0,594.0,776.0,605.0,717.0,-0.08834,0.08696,-0.99229,-0.20408,0.07037,-0.97642,5.119,5.554,sober
1026543033,2024/04/07,594.0,746.0,605.0,774.0,583.0,718.0,-0.08506,0.08611,-0.99265,-0.21069,0.07002,-0.97504,5.132,5.572,sober
1026559688,2024/04/07,593.0,743.0,600.0,772.0,585.0,714.0,-0.08676,0.08537,-0.99256,-0.21028,0.06883,-0.97522,5.131,5.574,sober
1026576342,2024/04/07,581.0,748.0,584.0,769.0,579.0,728.0,-0.09147,0.08479,-0.99219,-0.21204,0.07347,-0.97449,5.119,5.547,sober
1026592997,2024/04/07,581.0,748.0,584.0,768.0,578.0,728.0,-0.09176,0.08469,-0.99217,-0.21221,0.07361,-0.97445,5.126,5.551,sober
1026609652,2024/04/07,587.0,747.0,590.0,769.0,585.0,725.0,-0.08983,0.08562,-0.99227,-0.21039,0.07328,-0.97487,5.132,5.59,sober
1026626306,2024/04/07,587.0,742.0,588.0,760.0,586.0,724.0,-0.09053,0.0834,-0.9924,-0.21028,0.07356,-0.97487,5.145,5.586,sober
1026642961,2024/04/07,579.0,745.0,587.0,761.0,572.0,728.0,-0.09105,0.08387,-0.99231,-0.21417,0.07499,-0.97391,5.148,5.573,sober
1026659616,2024/04/07,583.0,749.0,592.0,769.0,573.0,730.0,-0.08959,0.08626,-0.99224,-0.21396,0.07559,-0.97391,5.127,5.567,sober
1026676271,2024/04/07,585.0,740.0,588.0,757.0,582.0,723.0,-0.09102,0.08268,-0.99241,-0.21183,0.07337,-0.97455,5.102,5.545,sober
1026692925,2024/04/07,582.0,729.0,580.0,746.0,584.0,713.0,-0.09353,0.07923,-0.99246,-0.21146,0.07024,-0.97486,5.1,5.543,sober
1026709580,2024/04/07,583.0,722.0,581.0,748.0,586.0,696.0,-0.09363,0.07952,-0.99243,-0.21108,0.06508,-0.9753,5.104,5.545,sober
1026726235,2024/04/07,586.0,720.0,584.0,749.0,588.0,691.0,-0.09262,0.07986,-0.99249,-0.21065,0.06358,-0.97549,5.114,5.543,sober
1026742889,2024/04/07,621.0,751.0,610.0,764.0,632.0,737.0,-0.08582,0.0836,-0.9928,-0.19883,0.07641,-0.97705,5.13,5.541,sober
1026759544,2024/04/07,749.0,881.0,751.0,901.0,747.0,862.0,-0.04363,0.12442,-0.99127,-0.16587,0.11325,-0.97962,5.134,5.524,sober
1026776199,2024/04/07,815.0,965.0,817.0,976.0,814.0,953.0,-0.02392,0.14659,-0.98891,-0.14567,0.14048,-0.97931,5.113,5.463,sober
1026792853,2024/04/07,827.0,965.0,823.0,988.0,831.0,942.0,-0.02189,0.14971,-0.98849,-0.1405,0.13689,-0.98057,5.133,5.489,sober
1026809508,2024/04/07,829.0,947.0,819.0,978.0,840.0,916.0,-0.0233,0.14641,-0.98895,-0.13773,0.12898,-0.98204,5.143,5.564,sober
1026826163,2024/04/07,833.0,943.0,825.0,968.0,842.0,918.0,-0.02224,0.14354,-0.9894,-0.13806,0.12933,-0.98194,5.152,5.564,sober
1026842817,2024/04/07,835.0,952.0,827.0,968.0,844.0,936.0,-0.02158,0.14379,-0.98937,-0.13755,0.13462,-0.9813,5.153,5.54,sober
1026859472,2024/04/07,838.0,945.0,833.0,961.0,844.0,929.0,-0.01958,0.14221,-0.98964,-0.13767,0.13295,-0.98151,5.158,5.541,sober
1026876127,2024/04/07,841.0,942.0,832.0,959.0,850.0,925.0,-0.01967,0.14237,-0.98962,-0.13586,0.13235,-0.98185,5.171,5.535,sober
1026892781,2024/04/07,839.0,943.0,827.0,965.0,851.0,921.0,-0.02127,0.14443,-0.98929,-0.13537,0.13176,-0.98199,5.175,5.537,sober
1026909436,2024/04/07,836.0,943.0,827.0,968.0,846.0,918.0,-0.02111,0.14559,-0.98912,-0.13685,0.13105,-0.98189,5.175,5.539,sober
1026926091,2024/04/07,838.0,937.0,831.0,956.0,845.0,917.0,-0.01964,0.14233,-0.98962,-0.1369,0.13095,-0.98189,5.18,5.548,sober
1026942746,2024/04/07,815.0,940.0,794.0,954.0,836.0,926.0,-0.03019,0.14154,-0.98947,-0.13913,0.13368,-0.98121,5.202,5.51,sober
1026959400,2024/04/07,596.0,926.0,625.0,938.0,566.0,914.0,-0.08031,0.13649,-0.98738,-0.21617,0.12817,-0.9679,5.212,5.542,sober
1026976055,2024/04/07,547.0,916.0,539.0,931.0,555.0,900.0,-0.10622,0.1337,-0.98531,-0.21943,0.12403,-0.96771,5.195,5.574,sober
1026992710,2024/04/07,531.0,921.0,531.0,933.0,530.0,908.0,-0.10827,0.13457,-0.98497,-0.22621,0.12643,-0.96584,5.167,5.554,sober
1027009364,2024/04/07,537.0,927.0,538.0,933.0,535.0,922.0,-0.10614,0.13444,-0.98522,-0.22473,0.13024,-0.96568,5.182,5.56,sober
1027026018,2024/04/07,534.0,933.0,526.0,948.0,542.0,919.0,-0.10969,0.13826,-0.9843,-0.22272,0.12908,-0.9663,5.196,5.574,sober
1027042673,2024/04/07,532.0,938.0,531.0,943.0,533.0,932.0,-0.10824,0.13627,-0.98474,-0.22524,0.13242,-0.96526,5.187,5.551,sober
1027059327,2024/04/07,534.0,939.0,536.0,941.0,531.0,937.0,-0.10663,0.13536,-0.98504,-0.22558,0.13324,-0.96507,5.192,5.552,sober
1027075982,2024/04/07,535.0,946.0,537.0,951.0,532.0,942.0,-0.10649,0.13767,-0.98474,-0.22533,0.13437,-0.96497,5.199,5.579,sober
1027092637,2024/04/07,532.0,954.0,533.0,956.0,532.0,952.0,-0.10774,0.13903,-0.98441,-0.22554,0.13704,-0.96455,5.205,5.577,sober
1027109291,2024/04/07,529.0,965.0,533.0,962.0,525.0,967.0,-0.10791,0.14094,-0.98412,-0.22732,0.14153,-0.96348,5.201,5.564,sober
1027125946,2024/04/07,527.0,970.0,532.0,972.0,522.0,968.0,-0.10798,0.14424,-0.98363,-0.22821,0.142,-0.9632,5.197,5.567,sober
1027142601,2024/04/07,531.0,969.0,537.0,973.0,524.0,966.0,-0.10643,0.14476,-0.98373,-0.22762,0.14146,-0.96342,5.204,5.563,sober
1027159255,2024/04/07,535.0,968.0,541.0,969.0,530.0,968.0,-0.10548,0.1434,-0.98403,-0.22586,0.14209,-0.96374,5.203,5.561,sober
1027175910,2024/04/07,529.0,969.0,535.0,963.0,524.0,975.0,-0.10707,0.14146,-0.98414,-0.22766,0.14397,-0.96304,5.208,5.563,sober
1027192565,2024/04/07,531.0,966.0,539.0,961.0,524.0,970.0,-0.10604,0.141,-0.98431,-0.2277,0.14266,-0.96323,5.201,5.557,sober
1027209220,2024/04/07,533.0,965.0,531.0,959.0,534.0,970.0,-0.10836,0.14018,-0.98418,-0.22499,0.14294,-0.96382,5.196,5.565,sober
1027225874,2024/04/07,530.0,965.0,525.0,958.0,534.0,971.0,-0.11018,0.13998,-0.984,-0.22492,0.14349,-0.96375,5.189,5.556,sober
1027242529,2024/04/07,532.0,961.0,530.0,971.0,533.0,951.0,-0.10831,0.14403,-0.98363,-0.22446,0.1374,-0.96475,5.135,5.5,sober
1027259184,2024/04/07,nan,nan,nan,nan,nan,nan,nan,nan,nan,nan,nan,nan,nan,nan,sober
1027275838,2024/04/07,539.0,349.0,472.0,352.0,607.0,345.0,-0.12947,-0.04253,-0.99067,-0.20796,-0.04136,-0.97726,5.213,5.564,sober
1027292493,2024/04/07,537.0,366.0,494.0,374.0,580.0,357.0,-0.12103,-0.03477,-0.99204,-0.21373,-0.03657,-0.97621,5.144,5.528,sober
1027309148,2024/04/07,562.0,360.0,524.0,387.0,600.0,333.0,-0.1121,-0.03176,-0.99319,-0.20808,-0.04451,-0.9771,5.139,5.553,sober
1027325802,2024/04/07,565.0,357.0,536.0,384.0,595.0,330.0,-0.10838,-0.03221,-0.99359,-0.2095,-0.04509,-0.97677,5.126,5.552,sober
1027342457,2024/04/07,545.0,359.0,535.0,372.0,555.0,347.0,-0.10881,-0.03604,-0.99341,-0.22104,-0.04024,-0.97443,5.118,5.52,sober
1027359112,2024/04/07,548.0,356.0,537.0,373.0,560.0,340.0,-0.10847,-0.03565,-0.99346,-0.2201,-0.04247,-0.97455,5.107,5.51,sober
1027375766,2024/04/07,548.0,362.0,534.0,368.0,562.0,355.0,-0.11001,-0.03695,-0.99324,-0.21997,-0.03794,-0.97477,5.087,5.523,sober
1027392421,2024/04/07,543.0,364.0,532.0,372.0,554.0,356.0,-0.11091,-0.03545,-0.9932,-0.2227,-0.03741,-0.97417,5.039,5.489,sober
1027409076,2024/04/07,546.0,370.0,531.0,375.0,560.0,365.0,-0.11144,-0.03439,-0.99318,-0.22126,-0.03457,-0.9746,5.027,5.464,sober
1027425730,2024/04/07,551.0,372.0,541.0,376.0,561.0,368.0,-0.10891,-0.03389,-0.99347,-0.22119,-0.03365,-0.97465,4.977,5.415,sober
1027442385,2024/04/07,548.0,373.0,546.0,389.0,550.0,357.0,-0.10771,-0.02959,-0.99374,-0.22444,-0.03651,-0.9738,4.928,5.297,sober
1027459040,2024/04/07,547.0,376.0,544.0,392.0,551.0,360.0,-0.10836,-0.02858,-0.9937,-0.2245,-0.03579,-0.97382,4.873,5.25,sober
1027475695,2024/04/07,543.0,367.0,542.0,384.0,545.0,349.0,-0.10909,-0.03043,-0.99357,-0.22619,-0.03848,-0.97332,4.868,5.21,sober
1027492349,2024/04/07,544.0,369.0,543.0,387.0,545.0,351.0,-0.10878,-0.02957,-0.99363,-0.22639,-0.03789,-0.9733,4.816,5.163,sober
1027509004,2024/04/07,550.0,374.0,548.0,391.0,552.0,357.0,-0.10727,-0.02762,-0.99385,-0.22415,-0.03551,-0.97391,4.745,5.112,sober
1027525659,2024/04/07,552.0,374.0,553.0,388.0,551.0,360.0,-0.10585,-0.0283,-0.99398,-0.22434,-0.0342,-0.97391,4.704,5.069,sober
1027542313,2024/04/07,555.0,376.0,563.0,391.0,548.0,361.0,-0.10372,-0.02792,-0.99421,-0.22586,-0.03432,-0.97355,4.687,5.044,sober
1027558968,2024/04/07,564.0,377.0,572.0,393.0,555.0,361.0,-0.10074,-0.02769,-0.99453,-0.22354,-0.03493,-0.97407,4.64,5.01,sober
1027575623,2024/04/07,601.0,379.0,603.0,407.0,599.0,352.0,-0.09139,-0.02339,-0.99554,-0.21106,-0.0377,-0.97675,4.634,4.966,sober
1027592277,2024/04/07,633.0,368.0,637.0,392.0,629.0,343.0,-0.08176,-0.02785,-0.99626,-0.20307,-0.04034,-0.97833,4.604,4.924,sober
1027608932,2024/04/07,628.0,360.0,631.0,376.0,626.0,344.0,-0.08328,-0.03194,-0.99601,-0.20397,-0.03948,-0.97818,4.556,4.879,sober
1027625587,2024/04/07,628.0,360.0,630.0,377.0,627.0,343.0,-0.08347,-0.03085,-0.99603,-0.2035,-0.0392,-0.97829,4.536,4.848,sober
1027642240,2024/04/07,625.0,369.0,636.0,386.0,613.0,352.0,-0.08186,-0.0281,-0.99625,-0.20782,-0.03673,-0.97748,4.536,4.814,sober
1027658895,2024/04/07,623.0,358.0,637.0,380.0,610.0,336.0,-0.08131,-0.02955,-0.99625,-0.20863,-0.04119,-0.97713,4.517,4.766,sober
1027675550,2024/04/07,626.0,342.0,641.0,368.0,612.0,316.0,-0.07935,-0.03283,-0.99631,-0.20702,-0.04695,-0.97721,4.514,4.795,sober
1027692204,2024/04/07,622.0,341.0,633.0,369.0,610.0,314.0,-0.08214,-0.03225,-0.9961,-0.20785,-0.04721,-0.97702,4.5,4.777,sober
1027708859,2024/04/07,623.0,339.0,620.0,365.0,626.0,313.0,-0.08563,-0.03333,-0.99577,-0.20297,-0.04724,-0.97804,4.478,4.754,sober
1027725514,2024/04/07,626.0,332.0,627.0,355.0,626.0,309.0,-0.08324,-0.0364,-0.99586,-0.20282,-0.04873,-0.978,4.476,4.753,sober
1027742169,2024/04/07,618.0,330.0,622.0,354.0,614.0,306.0,-0.08447,-0.03651,-0.99576,-0.20579,-0.04922,-0.97736,4.49,4.752,sober
1027758823,2024/04/07,618.0,327.0,622.0,353.0,614.0,301.0,-0.08423,-0.03723,-0.99575,-0.20569,-0.05086,-0.97729,4.498,4.747,sober
1027775478,2024/04/07,621.0,321.0,628.0,346.0,615.0,297.0,-0.08209,-0.0399,-0.99583,-0.20524,-0.05248,-0.9773,4.484,4.747,sober
1027792133,2024/04/07,626.0,314.0,634.0,336.0,618.0,291.0,-0.07985,-0.04318,-0.99587,-0.20402,-0.0546,-0.97744,4.488,4.751,sober
1027808787,2024/04/07,623.0,304.0,630.0,330.0,616.0,279.0,-0.08063,-0.04529,-0.99571,-0.20406,-0.05835,-0.97722,4.524,4.748,sober
1027825442,2024/04/07,620.0,301.0,627.0,330.0,612.0,272.0,-0.08115,-0.04542,-0.99567,-0.20484,-0.06039,-0.97693,4.526,4.741,sober
1027842097,2024/04/07,620.0,305.0,637.0,341.0,603.0,269.0,-0.07777,-0.04214,-0.99608,-0.20704,-0.06103,-0.97643,4.526,4.764,sober
1027858751,2024/04/07,622.0,307.0,641.0,340.0,603.0,274.0,-0.0762,-0.04198,-0.99621,-0.20681,-0.0591,-0.97659,4.53,4.77,sober
1027875406,2024/04/07,622.0,310.0,637.0,346.0,607.0,273.0,-0.07714,-0.04013,-0.99621,-0.20551,-0.05902,-0.97687,4.54,4.779,sober
1027892061,2024/04/07,625.0,309.0,638.0,345.0,612.0,273.0,-0.07683,-0.0402,-0.99623,-0.20396,-0.059,-0.9772,4.546,4.781,sober
1027908715,2024/04/07,632.0,305.0,637.0,329.0,628.0,281.0,-0.07706,-0.04536,-0.99599,-0.19938,-0.05716,-0.97825,4.523,4.769,sober
1027925370,2024/04/07,630.0,306.0,632.0,329.0,628.0,283.0,-0.07822,-0.0455,-0.9959,-0.19927,-0.05661,-0.97831,4.526,4.775,sober
1027942025,2024/04/07,623.0,310.0,633.0,338.0,613.0,282.0,-0.07807,-0.0436,-0.99599,-0.20323,-0.05746,-0.97744,4.542,4.766,sober
1027958679,2024/04/07,625.0,309.0,637.0,339.0,614.0,279.0,-0.07694,-0.04387,-0.99607,-0.2031,-0.05887,-0.97739,4.545,4.771,sober
1027975334,2024/04/07,626.0,304.0,633.0,334.0,619.0,274.0,-0.07793,-0.04569,-0.99591,-0.20156,-0.06078,-0.97759,4.541,4.774,sober
1027991989,2024/04/07,629.0,298.0,631.0,328.0,627.0,268.0,-0.07865,-0.04794,-0.99575,-0.19926,-0.0631,-0.97791,4.549,4.773,sober
1028008644,2024/04/07,632.0,299.0,637.0,324.0,626.0,273.0,-0.07672,-0.04935,-0.99583,-0.1997,-0.06181,-0.9779,4.558,4.782,sober
1028025298,2024/04/07,622.0,359.0,628.0,390.0,616.0,327.0,-0.07956,-0.03038,-0.99637,-0.20246,-0.04671,-0.97818,4.563,4.783,sober
1028041953,2024/04/07,615.0,437.0,618.0,487.0,612.0,388.0,-0.08265,-0.00232,-0.99658,-0.20369,-0.02981,-0.97858,4.561,4.748,sober
1028058608,2024/04/07,584.0,718.0,599.0,688.0,569.0,747.0,-0.08817,0.05733,-0.99445,-0.21506,0.07532,-0.97369,4.551,4.747,sober
1028075262,2024/04/07,581.0,761.0,587.0,769.0,574.0,753.0,-0.09123,0.08145,-0.99249,-0.21367,0.077,-0.97387,4.554,4.789,sober
1028091917,2024/04/07,564.0,800.0,565.0,817.0,563.0,782.0,-0.09778,0.09597,-0.99057,-0.21639,0.08573,-0.97254,4.559,4.802,sober
1028108572,2024/04/07,566.0,804.0,560.0,817.0,571.0,791.0,-0.09905,0.09647,-0.9904,-0.21403,0.08878,-0.97279,4.549,4.842,sober
1028125226,2024/04/07,581.0,792.0,576.0,811.0,586.0,774.0,-0.09437,0.09526,-0.99097,-0.2098,0.08454,-0.97408,4.563,4.852,sober
1028141881,2024/04/07,578.0,777.0,583.0,801.0,573.0,753.0,-0.09205,0.09302,-0.9914,-0.21358,0.07895,-0.97373,4.579,4.873,sober
1028158536,2024/04/07,575.0,769.0,588.0,785.0,562.0,752.0,-0.09051,0.08846,-0.99196,-0.21627,0.07909,-0.97313,4.603,4.892,sober
1028175190,2024/04/07,580.0,765.0,581.0,786.0,578.0,745.0,-0.09213,0.08874,-0.99179,-0.2116,0.07731,-0.97429,4.612,4.92,sober
1028191845,2024/04/07,583.0,760.0,582.0,784.0,584.0,736.0,-0.09157,0.08823,-0.99188,-0.20971,0.07493,-0.97489,4.634,4.942,sober
1028208500,2024/04/07,580.0,769.0,591.0,789.0,570.0,750.0,-0.089,0.0897,-0.99198,-0.21375,0.07879,-0.97371,4.661,4.924,sober
1028225154,2024/04/07,578.0,766.0,587.0,785.0,570.0,748.0,-0.0899,0.08849,-0.99201,-0.21369,0.07849,-0.97374,4.689,4.949,sober
1028241808,2024/04/07,571.0,758.0,573.0,776.0,568.0,741.0,-0.09417,0.08544,-0.99188,-0.2143,0.07612,-0.9738,4.693,4.978,sober
1028258463,2024/04/07,572.0,758.0,578.0,776.0,566.0,739.0,-0.09282,0.08527,-0.99202,-0.21507,0.07538,-0.97368,4.724,5.007,sober
1028275118,2024/04/07,580.0,758.0,593.0,777.0,566.0,739.0,-0.08853,0.08509,-0.99243,-0.21533,0.07466,-0.97368,4.745,5.036,sober
1028291772,2024/04/07,578.0,762.0,587.0,778.0,569.0,745.0,-0.09037,0.0849,-0.99228,-0.21476,0.07616,-0.97369,4.785,5.062,sober
1028308427,2024/04/07,579.0,762.0,574.0,783.0,583.0,741.0,-0.09457,0.0859,-0.99181,-0.21111,0.0747,-0.9746,4.83,5.107,sober
1028325082,2024/04/07,573.0,779.0,575.0,799.0,571.0,759.0,-0.09451,0.0905,-0.9914,-0.21467,0.07955,-0.97344,4.865,5.136,sober
1028341736,2024/04/07,566.0,813.0,582.0,819.0,550.0,808.0,-0.0926,0.09661,-0.99101,-0.22056,0.09394,-0.97084,4.861,5.151,sober
1028358391,2024/04/07,570.0,826.0,581.0,834.0,559.0,817.0,-0.0932,0.10169,-0.99044,-0.2183,0.09692,-0.97106,4.884,5.182,sober
1028375046,2024/04/07,575.0,819.0,582.0,835.0,569.0,803.0,-0.09335,0.10276,-0.99032,-0.21601,0.09391,-0.97186,4.896,5.206,sober
1028391700,2024/04/07,574.0,823.0,581.0,843.0,567.0,804.0,-0.09369,0.10556,-0.98999,-0.21696,0.09448,-0.9716,4.916,5.225,sober
1028408355,2024/04/07,568.0,822.0,572.0,841.0,564.0,802.0,-0.09653,0.10515,-0.98976,-0.21777,0.09395,-0.97147,4.93,5.249,sober
1028425010,2024/04/07,568.0,820.0,574.0,838.0,563.0,802.0,-0.09633,0.10436,-0.98986,-0.21817,0.094,-0.97137,4.95,5.268,sober
1028441664,2024/04/07,583.0,830.0,595.0,838.0,571.0,822.0,-0.08994,0.10449,-0.99045,-0.21588,0.10002,-0.97128,4.991,5.281,sober
1028458319,2024/04/07,585.0,833.0,598.0,837.0,572.0,828.0,-0.08905,0.10436,-0.99054,-0.21562,0.10199,-0.97114,5.021,5.294,sober
1028474974,2024/04/07,579.0,828.0,589.0,834.0,570.0,821.0,-0.09187,0.10343,-0.99038,-0.21628,0.09969,-0.97123,4.997,5.329,sober
1028491628,2024/04/07,578.0,823.0,588.0,828.0,568.0,818.0,-0.09205,0.10146,-0.99057,-0.21681,0.09874,-0.97121,5.015,5.352,sober
1028508283,2024/04/07,570.0,824.0,583.0,832.0,558.0,816.0,-0.09378,0.10217,-0.99034,-0.21989,0.09761,-0.97063,5.042,5.336,sober
1028524938,2024/04/07,569.0,825.0,579.0,837.0,559.0,812.0,-0.09486,0.10308,-0.99014,-0.21964,0.09606,-0.97084,5.056,5.35,sober
1028541593,2024/04/07,570.0,825.0,574.0,833.0,567.0,817.0,-0.09684,0.10108,-0.99015,-0.21777,0.09681,-0.97119,5.054,5.381,sober
1028558246,2024/04/07,570.0,828.0,580.0,833.0,560.0,824.0,-0.09525,0.10064,-0.99035,-0.21991,0.09823,-0.97056,5.071,5.399,sober
1028574901,2024/04/07,573.0,822.0,591.0,832.0,556.0,812.0,-0.09224,0.10019,-0.99068,-0.22138,0.09431,-0.97062,5.086,5.407,sober
1028591556,2024/04/07,575.0,818.0,588.0,829.0,562.0,808.0,-0.09342,0.0991,-0.99068,-0.21978,0.09303,-0.9711,5.1,5.42,sober
1028608210,2024/04/07,571.0,822.0,586.0,835.0,556.0,809.0,-0.0942,0.10136,-0.99038,-0.22197,0.09349,-0.97056,5.11,5.436,sober
1028624865,2024/04/07,570.0,826.0,584.0,839.0,556.0,814.0,-0.09519,0.10294,-0.99012,-0.22224,0.0954,-0.97031,5.127,5.45,sober
1028641520,2024/04/07,576.0,824.0,589.0,833.0,563.0,816.0,-0.09403,0.1018,-0.99035,-0.2204,0.09655,-0.97062,5.126,5.452,sober
1028658174,2024/04/07,579.0,824.0,594.0,833.0,563.0,814.0,-0.09254,0.10245,-0.99042,-0.22057,0.09659,-0.97058,5.129,5.462,sober
1028674829,2024/04/07,584.0,824.0,593.0,836.0,575.0,812.0,-0.09316,0.10398,-0.99021,-0.21731,0.09663,-0.97131,5.141,5.488,sober
1028691484,2024/04/07,584.0,822.0,590.0,836.0,577.0,808.0,-0.09413,0.10446,-0.99006,-0.21688,0.09567,-0.9715,5.154,5.496,sober
1028708138,2024/04/07,585.0,823.0,595.0,832.0,574.0,814.0,-0.09275,0.10372,-0.99027,-0.21771,0.09801,-0.97108,5.159,5.496,sober
1028724793,2024/04/07,583.0,825.0,594.0,831.0,572.0,820.0,-0.09325,0.10361,-0.99024,-0.21828,0.09995,-0.97075,5.17,5.502,sober
1028741448,2024/04/07,579.0,826.0,587.0,828.0,571.0,824.0,-0.0954,0.10284,-0.99011,-0.21836,0.10126,-0.9706,5.168,5.504,sober
1028758102,2024/04/07,583.0,828.0,591.0,829.0,575.0,827.0,-0.09392,0.10324,-0.99021,-0.21718,0.10223,-0.97076,5.176,5.511,sober
1028774757,2024/04/07,577.0,831.0,587.0,836.0,567.0,826.0,-0.09544,0.10489,-0.98989,-0.21946,0.10161,-0.97032,5.192,5.522,sober
1028791412,2024/04/07,573.0,828.0,579.0,834.0,567.0,823.0,-0.09788,0.10392,-0.98976,-0.21948,0.10008,-0.97047,5.203,5.531,sober
1028808067,2024/04/07,573.0,826.0,584.0,839.0,563.0,813.0,-0.0965,0.10493,-0.98979,-0.22096,0.09679,-0.97047,5.195,5.55,sober
1028824721,2024/04/07,573.0,831.0,586.0,842.0,559.0,819.0,-0.09584,0.10563,-0.98978,-0.22192,0.09809,-0.97012,5.198,5.554,sober
1028841376,2024/04/07,579.0,830.0,587.0,833.0,572.0,827.0,-0.09564,0.10273,-0.9901,-0.21837,0.1003,-0.9707,5.197,5.54,sober
1028858030,2024/04/07,582.0,828.0,590.0,832.0,573.0,825.0,-0.09461,0.1025,-0.99022,-0.2182,0.09957,-0.97081,5.205,5.542,sober
1028874684,2024/04/07,581.0,833.0,589.0,833.0,573.0,834.0,-0.09504,0.10284,-0.99015,-0.21811,0.10248,-0.97053,5.226,5.551,sober
1028891339,2024/04/07,578.0,833.0,585.0,833.0,571.0,833.0,-0.09633,0.10296,-0.99001,-0.21852,0.10226,-0.97046,5.229,5.554,sober
1028907994,2024/04/07,579.0,833.0,583.0,843.0,574.0,824.0,-0.09674,0.10642,-0.9896,-0.21767,0.09999,-0.97089,5.232,5.551,sober
1028924648,2024/04/07,583.0,831.0,590.0,837.0,575.0,824.0,-0.09465,0.10507,-0.98995,-0.21737,0.10035,-0.97092,5.236,5.553,sober
1028941303,2024/04/07,581.0,825.0,589.0,831.0,574.0,819.0,-0.09492,0.10372,-0.99007,-0.21761,0.09947,-0.97095,5.213,5.562,sober
1028957958,2024/04/07,580.0,828.0,583.0,836.0,577.0,821.0,-0.09633,0.10546,-0.98975,-0.21658,0.1004,-0.97109,5.205,5.557,sober
1028974612,2024/04/07,581.0,831.0,593.0,833.0,569.0,829.0,-0.09328,0.10502,-0.99009,-0.21839,0.10335,-0.97037,5.21,5.556,sober
1028991267,2024/04/07,579.0,832.0,592.0,833.0,565.0,831.0,-0.09313,0.10552,-0.99005,-0.21925,0.1042,-0.97009,5.208,5.554,sober
1029007922,2024/04/07,575.0,836.0,584.0,835.0,566.0,836.0,-0.09545,0.10622,-0.98975,-0.21874,0.10584,-0.97003,5.198,5.534,sober
1029024576,2024/04/07,575.0,835.0,580.0,837.0,569.0,833.0,-0.09615,0.10637,-0.98967,-0.21778,0.105,-0.97033,5.194,5.53,sober
1029041231,2024/04/07,569.0,835.0,572.0,840.0,567.0,830.0,-0.09814,0.10675,-0.98943,-0.21748,0.10325,-0.97059,5.199,5.489,sober
1029057886,2024/04/07,566.0,836.0,569.0,841.0,564.0,831.0,-0.09924,0.10675,-0.98932,-0.21834,0.1034,-0.97038,5.198,5.479,sober
1029074541,2024/04/07,575.0,833.0,574.0,839.0,575.0,827.0,-0.09697,0.10606,-0.98962,-0.21449,0.10189,-0.9714,5.192,5.529,sober
1029091195,2024/04/07,573.0,833.0,577.0,837.0,568.0,828.0,-0.09673,0.10541,-0.98971,-0.2173,0.10219,-0.97074,5.193,5.522,sober
1029107850,2024/04/07,610.0,840.0,613.0,841.0,608.0,838.0,-0.08665,0.10604,-0.99058,-0.20677,0.10469,-0.97277,5.201,5.499,sober
1029124505,2024/04/07,800.0,904.0,819.0,914.0,781.0,894.0,-0.02442,0.12829,-0.99144,-0.15671,0.12254,-0.98001,5.203,5.492,sober
1029141159,2024/04/07,905.0,947.0,901.0,955.0,909.0,938.0,0.00028,0.14093,-0.99002,-0.11901,0.1365,-0.98346,5.2,5.491,sober
1029157814,2024/04/07,908.0,949.0,903.0,958.0,914.0,940.0,0.00123,0.14158,-0.98993,-0.11727,0.13708,-0.98359,5.244,5.514,sober
1029174469,2024/04/07,909.0,955.0,907.0,949.0,912.0,960.0,0.00237,0.13915,-0.99027,-0.11782,0.1429,-0.9827,5.252,5.536,sober
1029191123,2024/04/07,909.0,955.0,907.0,951.0,910.0,959.0,0.00235,0.13987,-0.99017,-0.11824,0.14287,-0.98265,5.24,5.522,sober
1029207778,2024/04/07,909.0,939.0,914.0,944.0,903.0,934.0,0.00477,0.13831,-0.99038,-0.12039,0.13598,-0.98337,5.238,5.5,sober
1029224433,2024/04/07,911.0,940.0,920.0,946.0,903.0,934.0,0.00649,0.13944,-0.99021,-0.12032,0.1367,-0.98328,5.245,5.503,sober
1029241087,2024/04/07,905.0,948.0,915.0,956.0,896.0,940.0,0.00512,0.14289,-0.98973,-0.12229,0.13891,-0.98273,5.247,5.527,sober
1029257742,2024/04/07,905.0,947.0,915.0,955.0,895.0,939.0,0.0054,0.14256,-0.98977,-0.1226,0.13888,-0.98269,5.251,5.531,sober
1029274397,2024/04/07,911.0,946.0,914.0,957.0,907.0,935.0,0.00496,0.14319,-0.98968,-0.11895,0.13756,-0.98333,5.256,5.535,sober
1029291051,2024/04/07,909.0,947.0,912.0,956.0,905.0,937.0,0.00443,0.14294,-0.98972,-0.11956,0.1381,-0.98318,5.256,5.537,sober
1029307705,2024/04/07,906.0,946.0,914.0,952.0,899.0,941.0,0.00494,0.14142,-0.98994,-0.12154,0.13911,-0.98279,5.258,5.541,sober
1029324360,2024/04/07,905.0,945.0,910.0,951.0,900.0,939.0,0.00359,0.14101,-0.99,-0.12118,0.13837,-0.98294,5.261,5.551,sober
1029341015,2024/04/07,900.0,941.0,909.0,955.0,890.0,928.0,0.00326,0.14191,-0.98987,-0.12432,0.13486,-0.98303,5.277,5.568,sober
1029357669,2024/04/07,899.0,941.0,913.0,956.0,886.0,927.0,0.0041,0.14212,-0.98984,-0.12565,0.13437,-0.98293,5.285,5.577,sober
1029374324,2024/04/07,899.0,946.0,905.0,951.0,894.0,942.0,0.00174,0.14033,-0.9901,-0.12352,0.13852,-0.98263,5.275,5.574,sober
1029390979,2024/04/07,789.0,898.0,772.0,900.0,806.0,896.0,-0.03816,0.12508,-0.99141,-0.14946,0.12427,-0.98093,5.28,5.594,sober
1029407633,2024/04/07,682.0,856.0,645.0,855.0,720.0,857.0,-0.07607,0.11145,-0.99085,-0.17427,0.11226,-0.97828,5.304,5.559,sober
1029424288,2024/04/07,553.0,817.0,557.0,826.0,549.0,808.0,-0.10223,0.10264,-0.98945,-0.22289,0.09701,-0.97001,5.28,5.554,sober
1029440943,2024/04/07,546.0,813.0,549.0,831.0,543.0,795.0,-0.10477,0.10435,-0.98901,-0.22507,0.09329,-0.96987,5.266,5.627,sober
1029457597,2024/04/07,541.0,808.0,551.0,822.0,532.0,794.0,-0.10479,0.10161,-0.98929,-0.22833,0.09312,-0.96912,5.274,5.633,sober
1029474251,2024/04/07,543.0,804.0,553.0,809.0,533.0,799.0,-0.10435,0.09828,-0.98967,-0.22806,0.09506,-0.969,5.268,5.603,sober
1029490906,2024/04/07,549.0,804.0,555.0,813.0,542.0,795.0,-0.10378,0.09993,-0.98957,-0.22584,0.09433,-0.96959,5.258,5.598,sober
1029507560,2024/04/07,553.0,813.0,558.0,830.0,548.0,795.0,-0.10291,0.10545,-0.98909,-0.22438,0.09475,-0.96989,5.245,5.587,sober
1029524215,2024/04/07,553.0,812.0,562.0,829.0,544.0,794.0,-0.10199,0.10577,-0.98915,-0.2254,0.09487,-0.96964,5.238,5.588,sober
1029540870,2024/04/07,552.0,805.0,565.0,823.0,540.0,787.0,-0.10119,0.10389,-0.98943,-0.22687,0.09286,-0.96949,5.261,5.596,sober
1029557524,2024/04/07,558.0,808.0,572.0,825.0,543.0,792.0,-0.09915,0.10436,-0.98959,-0.22607,0.09405,-0.96956,5.254,5.594,sober
1029574179,2024/04/07,558.0,803.0,572.0,817.0,545.0,789.0,-0.09938,0.10181,-0.98983,-0.22576,0.09329,-0.96971,5.23,5.602,sober
1029590834,2024/04/07,554.0,806.0,563.0,824.0,544.0,788.0,-0.10216,0.10347,-0.98937,-0.22591,0.09261,-0.96974,5.23,5.605,sober
1029607489,2024/04/07,551.0,809.0,559.0,827.0,543.0,790.0,-0.10345,0.10403,-0.98918,-0.22628,0.09283,-0.96963,5.269,5.604,sober
1029624143,2024/04/07,551.0,809.0,563.0,828.0,539.0,791.0,-0.10236,0.10357,-0.98934,-0.2276,0.0925,-0.96935,5.262,5.612,sober
1029640798,2024/04/07,558.0,814.0,571.0,835.0,546.0,793.0,-0.09998,0.10518,-0.98941,-0.22572,0.09274,-0.96977,5.236,5.657,sober
1029657453,2024/04/07,560.0,813.0,570.0,834.0,550.0,793.0,-0.10041,0.10512,-0.98938,-0.22471,0.09296,-0.96998,5.244,5.662,sober
1029674107,2024/04/07,556.0,808.0,569.0,826.0,544.0,791.0,-0.10115,0.10255,-0.98957,-0.22697,0.09201,-0.96955,5.247,5.644,sober
1029690762,2024/04/07,554.0,804.0,568.0,819.0,539.0,789.0,-0.1016,0.10008,-0.98978,-0.22845,0.09103,-0.96929,5.245,5.646,sober
1029707417,2024/04/07,557.0,809.0,567.0,825.0,546.0,793.0,-0.10214,0.10233,-0.98949,-0.22658,0.09265,-0.96958,5.247,5.633,sober
1029724071,2024/04/07,557.0,813.0,567.0,831.0,546.0,796.0,-0.10211,0.10415,-0.98931,-0.22686,0.09339,-0.96944,5.258,5.643,sober
1029740726,2024/04/07,555.0,812.0,574.0,829.0,535.0,795.0,-0.09998,0.1039,-0.98955,-0.22986,0.09327,-0.96874,5.254,5.675,sober
1029757381,2024/04/07,558.0,811.0,577.0,829.0,539.0,793.0,-0.09925,0.10367,-0.98965,-0.2286,0.09263,-0.9691,5.268,5.683,sober
1029774035,2024/04/07,559.0,802.0,569.0,821.0,549.0,783.0,-0.10149,0.1015,-0.98965,-0.22572,0.08973,-0.97005,5.291,5.687,sober
1029790690,2024/04/07,556.0,801.0,564.0,821.0,548.0,781.0,-0.10297,0.1013,-0.98951,-0.22593,0.08911,-0.97006,5.301,5.695,sober
1029807345,2024/04/07,548.0,813.0,552.0,835.0,543.0,792.0,-0.10622,0.10577,-0.9887,-0.22705,0.09227,-0.9695,5.283,5.713,sober
1029823999,2024/04/07,544.0,817.0,554.0,837.0,534.0,798.0,-0.10571,0.10585,-0.98875,-0.22953,0.0939,-0.96876,5.292,5.72,sober
1029840654,2024/04/07,548.0,813.0,565.0,829.0,532.0,796.0,-0.10224,0.10313,-0.9894,-0.23009,0.09304,-0.96871,5.313,5.702,sober
1029857309,2024/04/07,554.0,815.0,567.0,831.0,540.0,798.0,-0.10122,0.10368,-0.98945,-0.22769,0.09352,-0.96923,5.314,5.698,sober
1029873964,2024/04/07,555.0,813.0,573.0,827.0,537.0,799.0,-0.09931,0.10226,-0.98979,-0.22814,0.09364,-0.96911,5.312,5.708,sober
1029890618,2024/04/07,554.0,812.0,572.0,823.0,537.0,801.0,-0.09946,0.1009,-0.98991,-0.22806,0.09401,-0.9691,5.309,5.706,sober
1029907273,2024/04/07,552.0,814.0,566.0,829.0,538.0,799.0,-0.10103,0.10269,-0.98957,-0.22771,0.09358,-0.96922,5.315,5.719,sober
1029923928,2024/04/07,548.0,825.0,561.0,840.0,536.0,810.0,-0.10245,0.10602,-0.98907,-0.22788,0.09697,-0.96885,5.315,5.71,sober
1029940582,2024/04/07,565.0,825.0,567.0,844.0,563.0,807.0,-0.10033,0.10748,-0.98913,-0.2199,0.09638,-0.97075,5.319,5.703,sober
1029957237,2024/04/07,567.0,823.0,572.0,843.0,561.0,803.0,-0.09837,0.10745,-0.98933,-0.22024,0.09574,-0.97074,5.322,5.714,sober
1029973892,2024/04/07,547.0,826.0,564.0,839.0,530.0,813.0,-0.10081,0.1065,-0.98919,-0.22905,0.09864,-0.96841,5.307,5.742,sober
1029990545,2024/04/07,545.0,826.0,560.0,840.0,530.0,812.0,-0.10223,0.10654,-0.98904,-0.22908,0.09824,-0.96844,5.319,5.752,sober
1030007200,2024/04/07,549.0,820.0,567.0,825.0,531.0,814.0,-0.10018,0.10219,-0.98971,-0.22865,0.09882,-0.96848,5.323,5.711,sober
1030023855,2024/04/07,552.0,819.0,571.0,824.0,533.0,815.0,-0.09887,0.10168,-0.98989,-0.22816,0.0992,-0.96856,5.326,5.713,sober
1030040509,2024/04/07,544.0,822.0,564.0,839.0,523.0,805.0,-0.10092,0.10627,-0.9892,-0.2311,0.09614,-0.96817,5.332,5.755,sober
1030057164,2024/04/07,540.0,822.0,560.0,836.0,520.0,808.0,-0.10222,0.1053,-0.98917,-0.23196,0.097,-0.96788,5.333,5.756,sober
1030073819,2024/04/07,548.0,827.0,565.0,836.0,530.0,818.0,-0.10086,0.10543,-0.9893,-0.22892,0.09986,-0.96831,5.323,5.725,sober
1030090473,2024/04/07,551.0,829.0,567.0,843.0,535.0,816.0,-0.1,0.10735,-0.98918,-0.22752,0.09911,-0.96872,5.324,5.729,sober
1030107128,2024/04/07,548.0,834.0,561.0,854.0,535.0,814.0,-0.10186,0.1103,-0.98867,-0.22768,0.0983,-0.96876,5.332,5.73,sober
1030123783,2024/04/07,544.0,836.0,557.0,859.0,532.0,814.0,-0.10309,0.11177,-0.98837,-0.22852,0.09806,-0.96859,5.327,5.726,sober
1030140438,2024/04/07,553.0,835.0,565.0,854.0,541.0,817.0,-0.10052,0.11007,-0.98883,-0.22577,0.09905,-0.96913,5.317,5.765,sober
1030157092,2024/04/07,558.0,832.0,570.0,851.0,546.0,813.0,-0.09914,0.10944,-0.98904,-0.22439,0.09802,-0.96956,5.312,5.767,sober
1030173747,2024/04/07,551.0,830.0,563.0,846.0,539.0,814.0,-0.1011,0.10787,-0.98901,-0.22632,0.09832,-0.96908,5.312,5.719,sober
1030190402,2024/04/07,551.0,830.0,561.0,846.0,540.0,814.0,-0.10174,0.10784,-0.98895,-0.22598,0.09852,-0.96914,5.304,5.716,sober
1030207056,2024/04/07,559.0,829.0,566.0,844.0,552.0,814.0,-0.10049,0.10722,-0.98914,-0.22268,0.09836,-0.96992,5.305,5.725,sober
1030223710,2024/04/07,560.0,828.0,568.0,843.0,553.0,814.0,-0.09977,0.1068,-0.98926,-0.22261,0.09847,-0.96992,5.295,5.722,sober
1030240365,2024/04/07,562.0,835.0,571.0,855.0,554.0,814.0,-0.09904,0.11051,-0.98893,-0.22255,0.09841,-0.96994,5.292,5.712,sober
1030257019,2024/04/07,559.0,838.0,569.0,858.0,549.0,819.0,-0.09984,0.11137,-0.98875,-0.22394,0.09969,-0.96949,5.283,5.707,sober
1030273674,2024/04/07,549.0,836.0,567.0,845.0,531.0,827.0,-0.10054,0.10711,-0.98915,-0.22926,0.10187,-0.96802,5.286,5.692,sober
1030290329,2024/04/07,551.0,836.0,566.0,845.0,536.0,826.0,-0.10102,0.10698,-0.98912,-0.22798,0.10141,-0.96837,5.284,5.689,sober
1030306983,2024/04/07,562.0,840.0,566.0,853.0,558.0,827.0,-0.10128,0.10941,-0.98882,-0.22199,0.10159,-0.96974,5.27,5.716,sober
1030323638,2024/04/07,559.0,839.0,564.0,854.0,555.0,825.0,-0.10231,0.1093,-0.98873,-0.22301,0.10091,-0.96958,5.265,5.713,sober
1030340293,2024/04/07,555.0,831.0,563.0,842.0,547.0,820.0,-0.10269,0.1054,-0.98911,-0.22531,0.09888,-0.96926,5.265,5.687,sober
1030356947,2024/04/07,555.0,833.0,563.0,847.0,547.0,819.0,-0.10266,0.10719,-0.98892,-0.2255,0.0989,-0.96921,5.266,5.687,sober
1030373602,2024/04/07,548.0,839.0,554.0,855.0,543.0,823.0,-0.10581,0.10979,-0.98831,-0.22671,0.10014,-0.9688,5.272,5.68,sober
1030390257,2024/04/07,549.0,835.0,554.0,846.0,544.0,823.0,-0.10583,0.10729,-0.98858,-0.22658,0.10026,-0.96882,5.273,5.677,sober
1030406912,2024/04/07,549.0,837.0,564.0,851.0,534.0,823.0,-0.10311,0.10875,-0.98871,-0.22959,0.10021,-0.96812,5.265,5.692,sober
1030423566,2024/04/07,549.0,840.0,562.0,855.0,536.0,826.0,-0.10388,0.11014,-0.98847,-0.22905,0.10093,-0.96817,5.263,5.687,sober
1030440221,2024/04/07,556.0,843.0,561.0,856.0,551.0,829.0,-0.10428,0.11037,-0.9884,-0.22482,0.10196,-0.96905,5.265,5.683,sober
1030456876,2024/04/07,559.0,843.0,563.0,851.0,555.0,834.0,-0.10374,0.10884,-0.98863,-0.22392,0.10325,-0.96912,5.262,5.686,sober
1030473530,2024/04/07,561.0,840.0,563.0,849.0,560.0,831.0,-0.10409,0.10809,-0.98868,-0.22265,0.10217,-0.96953,5.267,5.684,sober
1030490185,2024/04/07,559.0,841.0,564.0,856.0,555.0,827.0,-0.10382,0.10994,-0.9885,-0.22417,0.10075,-0.96933,5.271,5.683,sober
1030506840,2024/04/07,560.0,836.0,568.0,848.0,552.0,824.0,-0.1025,0.10763,-0.98889,-0.22486,0.09986,-0.96926,5.256,5.71,sober
1030523494,2024/04/07,562.0,834.0,570.0,840.0,553.0,827.0,-0.10174,0.1054,-0.98921,-0.22449,0.10073,-0.96926,5.257,5.714,sober
1030540149,2024/04/07,558.0,843.0,561.0,852.0,555.0,834.0,-0.10448,0.10875,-0.98856,-0.22373,0.10278,-0.96922,5.261,5.709,sober
1030556804,2024/04/07,557.0,842.0,556.0,854.0,558.0,829.0,-0.10583,0.10925,-0.98836,-0.22306,0.10117,-0.96954,5.265,5.711,sober
1030573458,2024/04/07,560.0,841.0,563.0,852.0,556.0,831.0,-0.10374,0.10841,-0.98868,-0.2233,0.10146,-0.96945,5.278,5.689,sober
1030590113,2024/04/07,563.0,845.0,572.0,852.0,555.0,837.0,-0.10097,0.10841,-0.98897,-0.22356,0.10315,-0.96922,5.272,5.684,sober
1030606768,2024/04/07,563.0,846.0,573.0,857.0,552.0,836.0,-0.10036,0.10972,-0.98888,-0.22424,0.10263,-0.96911,5.268,5.691,sober
1030623422,2024/04/07,568.0,845.0,586.0,862.0,550.0,829.0,-0.09644,0.11135,-0.98909,-0.22506,0.10089,-0.96911,5.261,5.69,sober
1030640077,2024/04/07,581.0,825.0,596.0,834.0,567.0,816.0,-0.09394,0.10339,-0.99019,-0.22077,0.09728,-0.97046,5.246,5.652,sober
1030656732,2024/04/07,652.0,788.0,645.0,754.0,659.0,822.0,-0.07954,0.08045,-0.99358,-0.1947,0.10069,-0.97568,5.11,5.409,sober
1030673387,2024/04/07,698.0,790.0,676.0,733.0,720.0,846.0,-0.07207,0.0734,-0.99469,-0.17839,0.10748,-0.97807,4.959,5.155,sober
1030690041,2024/04/07,nan,nan,nan,nan,nan,nan,nan,nan,nan,nan,nan,nan,nan,nan,sober
1030706695,2024/04/07,nan,nan,nan,nan,nan,nan,nan,nan,nan,nan,nan,nan,nan,nan,sober
1030723350,2024/04/07,nan,nan,nan,nan,nan,nan,nan,nan,nan,nan,nan,nan,nan,nan,sober
1030740004,2024/04/07,nan,nan,nan,nan,nan,nan,nan,nan,nan,nan,nan,nan,nan,nan,sober
1030756659,2024/04/07,nan,nan,nan,nan,nan,nan,nan,nan,nan,nan,nan,nan,nan,nan,sober
1030773314,2024/04/07,nan,nan,nan,nan,nan,nan,nan,nan,nan,nan,nan,nan,nan,nan,sober
1030789968,2024/04/07,nan,nan,nan,nan,nan,nan,nan,nan,nan,nan,nan,nan,nan,nan,sober
1030806623,2024/04/07,1535.0,1011.0,1535.0,1011.0,nan,nan,0.17808,0.15705,-0.9714,nan,nan,nan,2.608,nan,sober
1030823278,2024/04/07,1450.0,1067.0,1535.0,1011.0,1365.0,1123.0,0.18222,0.15789,-0.9705,0.01635,0.19386,-0.98089,2.608,2.454,sober
1030839932,2024/04/07,1342.0,758.0,1319.0,392.0,1365.0,1123.0,0.11698,-0.02197,-0.99289,0.01256,0.19899,-0.97992,5.24,2.454,sober
1030856587,2024/04/07,1430.0,418.0,1326.0,369.0,1534.0,467.0,0.11675,-0.0295,-0.99272,0.06051,-0.0006,-0.99817,5.138,4.941,sober
1030873242,2024/04/07,1405.0,373.0,1331.0,342.0,1479.0,405.0,0.11823,-0.03705,-0.99229,0.04242,-0.01959,-0.99891,5.194,5.254,sober
1030889896,2024/04/07,1380.0,318.0,1344.0,319.0,1415.0,317.0,0.12266,-0.04418,-0.99146,0.02272,-0.04719,-0.99863,5.266,5.534,sober
1030906551,2024/04/07,1380.0,283.0,1363.0,276.0,1398.0,290.0,0.12835,-0.05687,-0.9901,0.01697,-0.05551,-0.99831,5.292,5.559,sober
1030923206,2024/04/07,1376.0,270.0,1369.0,251.0,1383.0,288.0,0.13062,-0.06486,-0.98931,0.01258,-0.05667,-0.99831,5.341,5.571,sober
1030939861,2024/04/07,1376.0,285.0,1368.0,274.0,1384.0,297.0,0.13071,-0.05798,-0.98972,0.01305,-0.05399,-0.99846,5.336,5.499,sober
1030956515,2024/04/07,1389.0,245.0,1383.0,269.0,1394.0,222.0,0.13558,-0.06,-0.98895,0.01623,-0.07705,-0.9969,5.332,5.639,sober
1030973170,2024/04/07,1385.0,235.0,1387.0,258.0,1383.0,212.0,0.13738,-0.06382,-0.98846,0.01356,-0.08105,-0.99662,5.315,5.752,sober
1030989825,2024/04/07,1389.0,229.0,1388.0,256.0,1389.0,203.0,0.1382,-0.06412,-0.98833,0.01557,-0.08289,-0.99644,5.321,5.776,sober
1031006479,2024/04/07,1400.0,230.0,1385.0,266.0,1416.0,194.0,0.13782,-0.06074,-0.98859,0.02426,-0.0851,-0.99608,5.326,5.765,sober
1031023134,2024/04/07,1392.0,226.0,1381.0,261.0,1402.0,191.0,0.13737,-0.0619,-0.98858,0.02034,-0.08549,-0.99613,5.331,5.768,sober
1031039789,2024/04/07,1386.0,228.0,1388.0,239.0,1384.0,217.0,0.13978,-0.0681,-0.98784,0.0153,-0.077,-0.99691,5.327,5.78,sober
1031056442,2024/04/07,1399.0,227.0,1394.0,235.0,1404.0,218.0,0.14205,-0.06939,-0.98742,0.02168,-0.07606,-0.99687,5.337,5.797,sober
1031073097,2024/04/07,1403.0,218.0,1395.0,241.0,1412.0,196.0,0.14298,-0.06823,-0.98737,0.02455,-0.08338,-0.99622,5.348,5.771,sober
1031089752,2024/04/07,1402.0,220.0,1395.0,245.0,1410.0,194.0,0.14306,-0.06692,-0.98745,0.02417,-0.08382,-0.99619,5.358,5.779,sober
1031106406,2024/04/07,1396.0,230.0,1382.0,265.0,1410.0,194.0,0.13963,-0.06148,-0.98829,0.02447,-0.08402,-0.99616,5.402,5.781,sober
1031123061,2024/04/07,1390.0,228.0,1376.0,264.0,1403.0,193.0,0.13786,-0.06208,-0.9885,0.02217,-0.08442,-0.99618,5.406,5.79,sober
1031139716,2024/04/07,1385.0,218.0,1386.0,246.0,1384.0,190.0,0.14083,-0.06753,-0.98773,0.01628,-0.08541,-0.99621,5.389,5.857,sober
1031156370,2024/04/07,1385.0,218.0,1393.0,248.0,1378.0,188.0,0.14271,-0.067,-0.98749,0.01413,-0.08587,-0.99621,5.393,5.868,sober
1031173025,2024/04/07,1396.0,219.0,1394.0,243.0,1398.0,196.0,0.14309,-0.06855,-0.98733,0.02032,-0.08347,-0.9963,5.379,5.801,sober
1031189680,2024/04/07,1403.0,221.0,1398.0,243.0,1409.0,199.0,0.14402,-0.06867,-0.98719,0.02339,-0.08282,-0.99629,5.386,5.801,sober
1031206335,2024/04/07,1404.0,229.0,1397.0,260.0,1412.0,199.0,0.14392,-0.06398,-0.98752,0.02425,-0.08312,-0.99624,5.419,5.823,sober
1031222989,2024/04/07,1401.0,232.0,1402.0,262.0,1400.0,203.0,0.14522,-0.06368,-0.98735,0.02059,-0.08214,-0.99641,5.413,5.83,sober
1031239644,2024/04/07,1400.0,226.0,1404.0,249.0,1397.0,203.0,0.14571,-0.06748,-0.98702,0.01979,-0.08186,-0.99645,5.374,5.813,sober
1031256299,2024/04/07,1402.0,226.0,1402.0,247.0,1402.0,204.0,0.14545,-0.0683,-0.987,0.02135,-0.08198,-0.99641,5.371,5.811,sober
1031272953,2024/04/07,1391.0,236.0,1405.0,256.0,1378.0,217.0,0.14638,-0.06565,-0.98705,0.01432,-0.07805,-0.99685,5.38,5.848,sober
1031289608,2024/04/07,1387.0,242.0,1399.0,264.0,1374.0,220.0,0.14503,-0.06345,-0.98739,0.01344,-0.0774,-0.99691,5.365,5.847,sober
1031306263,2024/04/07,1389.0,248.0,1394.0,261.0,1385.0,236.0,0.14371,-0.06459,-0.98751,0.01716,-0.07251,-0.99722,5.347,5.822,sober
1031322916,2024/04/07,1384.0,251.0,1383.0,268.0,1385.0,235.0,0.14107,-0.0632,-0.98798,0.01771,-0.07327,-0.99715,5.336,5.812,sober
1031339571,2024/04/07,1379.0,237.0,1379.0,263.0,1380.0,211.0,0.14013,-0.0649,-0.988,0.01648,-0.08084,-0.99659,5.326,5.814,sober
1031356226,2024/04/07,1382.0,232.0,1386.0,250.0,1377.0,213.0,0.14288,-0.06979,-0.98728,0.01635,-0.08118,-0.99657,5.323,5.813,sober
1031372880,2024/04/07,1384.0,246.0,1376.0,266.0,1391.0,226.0,0.14045,-0.06606,-0.98788,0.02122,-0.0782,-0.99671,5.321,5.792,sober
1031389535,2024/04/07,1368.0,256.0,1347.0,285.0,1389.0,228.0,0.1317,-0.06084,-0.98942,0.02089,-0.07783,-0.99675,5.29,5.774,sober
1031406190,2024/04/07,1362.0,261.0,1350.0,288.0,1374.0,235.0,0.13302,-0.06075,-0.98925,0.0165,-0.07625,-0.99695,5.29,5.769,sober
1031422844,2024/04/07,1372.0,258.0,1369.0,281.0,1375.0,236.0,0.13869,-0.06295,-0.98833,0.01701,-0.07611,-0.99695,5.291,5.763,sober
1031439499,2024/04/07,1385.0,255.0,1376.0,283.0,1393.0,227.0,0.141,-0.06281,-0.98802,0.02278,-0.0795,-0.99657,5.304,5.739,sober
1031456154,2024/04/07,1384.0,256.0,1376.0,285.0,1392.0,228.0,0.14075,-0.06236,-0.98808,0.02209,-0.07906,-0.99662,5.289,5.721,sober
1031472809,2024/04/07,1383.0,247.0,1377.0,269.0,1389.0,225.0,0.14077,-0.06735,-0.98775,0.02116,-0.08038,-0.99654,5.242,5.689,sober
1031489463,2024/04/07,1386.0,248.0,1381.0,266.0,1391.0,230.0,0.14165,-0.06835,-0.98755,0.0217,-0.07891,-0.99665,5.231,5.673,sober
1031506118,2024/04/07,1374.0,255.0,1362.0,281.0,1387.0,228.0,0.1358,-0.06389,-0.98867,0.02036,-0.07952,-0.99663,5.246,5.677,sober
1031522773,2024/04/07,1217.0,291.0,1182.0,328.0,1252.0,254.0,0.08293,-0.0524,-0.99518,-0.01956,-0.07447,-0.99703,5.225,5.668,sober
1031539427,2024/04/07,1091.0,316.0,1069.0,349.0,1112.0,282.0,0.04721,-0.04585,-0.99783,-0.0639,-0.06522,-0.99582,5.153,5.633,sober
1031556082,2024/04/07,386.0,649.0,389.0,666.0,383.0,633.0,-0.16036,0.05002,-0.98579,-0.27752,0.0401,-0.95988,5.07,5.59,sober
1031572737,2024/04/07,411.0,638.0,397.0,649.0,425.0,628.0,-0.15606,0.0431,-0.98681,-0.26405,0.03716,-0.96379,5.103,5.622,sober
1031589391,2024/04/07,437.0,634.0,422.0,640.0,452.0,629.0,-0.14901,0.04029,-0.98801,-0.25659,0.0376,-0.96579,5.066,5.58,sober
1031606046,2024/04/07,433.0,646.0,427.0,655.0,438.0,637.0,-0.14711,0.0451,-0.98809,-0.25987,0.04038,-0.9648,5.034,5.547,sober
1031622701,2024/04/07,428.0,642.0,428.0,650.0,429.0,634.0,-0.1466,0.04302,-0.98826,-0.26226,0.03916,-0.9642,5.03,5.539,sober
1031639355,2024/04/07,449.0,636.0,451.0,641.0,447.0,632.0,-0.13917,0.0403,-0.98945,-0.25683,0.03851,-0.96569,5.037,5.528,sober
1031656010,2024/04/07,449.0,637.0,445.0,646.0,454.0,628.0,-0.14029,0.04191,-0.98922,-0.25425,0.0376,-0.96641,5.031,5.52,sober
1031672665,2024/04/07,435.0,629.0,438.0,637.0,433.0,620.0,-0.14248,0.03884,-0.98904,-0.26012,0.03502,-0.96494,5.032,5.475,sober
1031689319,2024/04/07,438.0,623.0,447.0,634.0,430.0,611.0,-0.13975,0.03755,-0.98948,-0.26106,0.032,-0.96479,5.03,5.475,sober
1031705974,2024/04/07,455.0,639.0,448.0,644.0,462.0,635.0,-0.13941,0.04033,-0.98941,-0.25194,0.03922,-0.96695,5.029,5.513,sober
1031722628,2024/04/07,453.0,643.0,447.0,648.0,460.0,639.0,-0.13944,0.04192,-0.98934,-0.2521,0.04087,-0.96684,5.015,5.497,sober
1031739283,2024/04/07,453.0,635.0,447.0,648.0,458.0,622.0,-0.13882,0.04234,-0.98941,-0.2521,0.03599,-0.96703,5.01,5.484,sober
1031755937,2024/04/07,455.0,634.0,448.0,643.0,461.0,625.0,-0.13807,0.04082,-0.98958,-0.25101,0.03704,-0.96727,5.02,5.492,sober
1031772592,2024/04/07,446.0,628.0,453.0,638.0,439.0,617.0,-0.13662,0.0395,-0.98984,-0.25691,0.03472,-0.96581,5.03,5.498,sober
1031789247,2024/04/07,440.0,626.0,448.0,636.0,432.0,616.0,-0.13771,0.03919,-0.9897,-0.25867,0.03465,-0.96534,5.048,5.503,sober
1031805901,2024/04/07,439.0,627.0,443.0,635.0,435.0,618.0,-0.13893,0.03919,-0.98953,-0.25764,0.03568,-0.96558,5.058,5.516,sober
1031822556,2024/04/07,437.0,628.0,437.0,639.0,436.0,616.0,-0.1407,0.04072,-0.98921,-0.25716,0.03525,-0.96573,5.073,5.527,sober
1031839211,2024/04/07,426.0,637.0,423.0,647.0,429.0,628.0,-0.14475,0.04311,-0.98853,-0.25909,0.03888,-0.96507,5.104,5.536,sober
1031855865,2024/04/07,432.0,636.0,428.0,641.0,437.0,632.0,-0.14322,0.04125,-0.98883,-0.25705,0.03991,-0.96557,5.114,5.538,sober
1031872520,2024/04/07,438.0,629.0,433.0,632.0,443.0,625.0,-0.14172,0.03865,-0.98915,-0.25526,0.03794,-0.96613,5.086,5.538,sober
1031889175,2024/04/07,438.0,626.0,432.0,633.0,444.0,620.0,-0.14224,0.03876,-0.98907,-0.25511,0.03622,-0.96623,5.093,5.54,sober
1031905829,2024/04/07,433.0,623.0,432.0,631.0,435.0,615.0,-0.14275,0.0376,-0.98904,-0.25836,0.03392,-0.96545,5.094,5.5,sober
1031922484,2024/04/07,427.0,622.0,436.0,633.0,419.0,611.0,-0.14176,0.03831,-0.98916,-0.26321,0.03277,-0.96418,5.091,5.49,sober
1031939138,2024/04/07,445.0,629.0,437.0,633.0,453.0,626.0,-0.1412,0.03823,-0.98924,-0.25338,0.03754,-0.96664,5.09,5.559,sober
1031955792,2024/04/07,449.0,628.0,439.0,629.0,459.0,627.0,-0.14054,0.03735,-0.98937,-0.25152,0.03785,-0.96711,5.09,5.555,sober
1031972447,2024/04/07,449.0,629.0,442.0,633.0,457.0,626.0,-0.13967,0.03837,-0.98946,-0.2521,0.03763,-0.96697,5.095,5.554,sober
1031989102,2024/04/07,446.0,628.0,440.0,630.0,452.0,625.0,-0.14003,0.03759,-0.98943,-0.25335,0.03747,-0.96665,5.099,5.558,sober
1032005757,2024/04/07,429.0,620.0,431.0,621.0,428.0,619.0,-0.14281,0.03488,-0.98914,-0.26006,0.0356,-0.96494,5.099,5.528,sober
1032022411,2024/04/07,426.0,621.0,426.0,623.0,425.0,619.0,-0.14421,0.03547,-0.98891,-0.26084,0.03553,-0.96473,5.113,5.527,sober
1032039066,2024/04/07,440.0,630.0,428.0,623.0,451.0,637.0,-0.14354,0.03544,-0.98901,-0.25344,0.04108,-0.96648,5.119,5.572,sober
1032055721,2024/04/07,439.0,630.0,430.0,619.0,448.0,641.0,-0.1428,0.03436,-0.98916,-0.25413,0.04261,-0.96623,5.121,5.57,sober
1032072375,2024/04/07,440.0,625.0,435.0,622.0,445.0,629.0,-0.14134,0.03545,-0.98933,-0.25502,0.03906,-0.96615,5.123,5.55,sober
1032089030,2024/04/07,445.0,624.0,441.0,620.0,448.0,628.0,-0.13924,0.03492,-0.98964,-0.25401,0.03898,-0.96642,5.126,5.546,sober
1032105685,2024/04/07,437.0,616.0,434.0,623.0,440.0,610.0,-0.14147,0.03574,-0.9893,-0.25632,0.03339,-0.96601,5.134,5.568,sober
1032122339,2024/04/07,431.0,616.0,424.0,628.0,439.0,603.0,-0.14432,0.03748,-0.98882,-0.25654,0.03144,-0.96602,5.143,5.572,sober
1032138994,2024/04/07,423.0,627.0,417.0,628.0,428.0,626.0,-0.14639,0.03735,-0.98852,-0.25952,0.03802,-0.96499,5.132,5.562,sober
1032155649,2024/04/07,414.0,624.0,410.0,623.0,417.0,625.0,-0.14865,0.03584,-0.98824,-0.26279,0.03764,-0.96412,5.134,5.565,sober
1032172303,2024/04/07,428.0,621.0,419.0,635.0,437.0,607.0,-0.14589,0.03982,-0.9885,-0.25724,0.0326,-0.9658,5.166,5.561,sober
1032188958,2024/04/07,427.0,622.0,416.0,637.0,439.0,607.0,-0.14684,0.04071,-0.98832,-0.25656,0.03303,-0.96596,5.175,5.567,sober
1032205613,2024/04/07,419.0,616.0,416.0,626.0,422.0,606.0,-0.14654,0.03745,-0.9885,-0.26124,0.03261,-0.96472,5.18,5.554,sober
1032222267,2024/04/07,420.0,611.0,415.0,617.0,425.0,605.0,-0.14676,0.0349,-0.98856,-0.26037,0.03236,-0.96497,5.198,5.564,sober
1032238922,2024/04/07,402.0,607.0,403.0,613.0,402.0,602.0,-0.15168,0.03251,-0.98789,-0.26771,0.03025,-0.96303,5.155,5.522,sober
1032255577,2024/04/07,719.0,829.0,729.0,833.0,708.0,826.0,-0.0533,0.09989,-0.99357,-0.18011,0.0983,-0.97872,5.167,5.487,sober
1032272232,2024/04/07,727.0,819.0,727.0,821.0,726.0,818.0,-0.05333,0.09725,-0.99383,-0.17418,0.09684,-0.97994,5.211,5.53,sober
1032288886,2024/04/07,720.0,811.0,722.0,812.0,717.0,810.0,-0.05441,0.09436,-0.99405,-0.17653,0.09434,-0.97976,5.25,5.563,sober
1032305541,2024/04/07,712.0,803.0,715.0,802.0,708.0,804.0,-0.05662,0.09156,-0.99419,-0.17908,0.0925,-0.97948,5.272,5.595,sober
1032322195,2024/04/07,712.0,806.0,714.0,809.0,709.0,804.0,-0.05672,0.09375,-0.99398,-0.17888,0.09272,-0.97949,5.28,5.602,sober
1032338849,2024/04/07,722.0,811.0,723.0,821.0,721.0,800.0,-0.05407,0.09754,-0.99376,-0.17538,0.09183,-0.98021,5.273,5.624,sober
1032355504,2024/04/07,722.0,804.0,722.0,812.0,722.0,796.0,-0.05419,0.09497,-0.994,-0.17503,0.09067,-0.98038,5.284,5.63,sober
1032372159,2024/04/07,708.0,799.0,714.0,806.0,702.0,792.0,-0.05657,0.09309,-0.99405,-0.18075,0.08928,-0.97947,5.308,5.647,sober
1032388813,2024/04/07,709.0,799.0,716.0,806.0,701.0,792.0,-0.05608,0.09319,-0.99407,-0.18114,0.08936,-0.97939,5.327,5.659,sober
1032405468,2024/04/07,711.0,802.0,718.0,800.0,705.0,803.0,-0.05566,0.09157,-0.99424,-0.17997,0.09276,-0.97929,5.338,5.667,sober
1032422123,2024/04/07,712.0,798.0,718.0,795.0,706.0,801.0,-0.05564,0.08983,-0.9944,-0.17962,0.09217,-0.97941,5.346,5.676,sober
1032438777,2024/04/07,704.0,798.0,725.0,806.0,683.0,791.0,-0.05338,0.09338,-0.9942,-0.18647,0.08914,-0.97841,5.329,5.69,sober
1032455432,2024/04/07,706.0,801.0,729.0,812.0,683.0,790.0,-0.05218,0.09522,-0.99409,-0.18654,0.0888,-0.97843,5.351,5.693,sober
1032472087,2024/04/07,733.0,796.0,753.0,792.0,713.0,799.0,-0.04458,0.08919,-0.99502,-0.17737,0.09192,-0.97984,5.374,5.676,sober
1032488741,2024/04/07,670.0,781.0,680.0,775.0,660.0,787.0,-0.06625,0.08387,-0.99427,-0.19231,0.08786,-0.97739,5.379,5.689,sober
1032505396,2024/04/07,598.0,780.0,609.0,787.0,588.0,772.0,-0.08616,0.08808,-0.99238,-0.21141,0.08384,-0.9738,5.352,5.652,sober
1032522051,2024/04/07,345.0,731.0,347.0,733.0,342.0,730.0,-0.16161,0.07184,-0.98424,-0.27755,0.07112,-0.95808,5.355,5.705,sober
1032538706,2024/04/07,354.0,728.0,348.0,727.0,360.0,729.0,-0.16179,0.06973,-0.98436,-0.27316,0.07058,-0.95938,5.402,5.793,sober
1032555360,2024/04/07,352.0,726.0,345.0,722.0,358.0,729.0,-0.16287,0.06828,-0.98428,-0.27365,0.07062,-0.95923,5.413,5.805,sober
1032572015,2024/04/07,357.0,730.0,348.0,727.0,366.0,734.0,-0.16171,0.06952,-0.98439,-0.27166,0.07209,-0.95969,5.411,5.797,sober
1032588670,2024/04/07,358.0,730.0,348.0,732.0,368.0,728.0,-0.16165,0.07098,-0.98429,-0.27096,0.07042,-0.96001,5.414,5.8,sober
1032605324,2024/04/07,358.0,723.0,356.0,733.0,360.0,714.0,-0.15928,0.07125,-0.98466,-0.27315,0.06612,-0.9597,5.421,5.773,sober
1032621979,2024/04/07,356.0,726.0,361.0,733.0,350.0,718.0,-0.15756,0.07137,-0.98493,-0.27552,0.06735,-0.95893,5.42,5.777,sober
1032638634,2024/04/07,358.0,735.0,352.0,737.0,363.0,733.0,-0.16005,0.07247,-0.98445,-0.27172,0.0717,-0.9597,5.423,5.804,sober
1032655288,2024/04/07,355.0,732.0,347.0,733.0,364.0,732.0,-0.16126,0.07134,-0.98433,-0.27148,0.07146,-0.95979,5.424,5.811,sober
1032671943,2024/04/07,359.0,728.0,351.0,729.0,367.0,726.0,-0.16004,0.0704,-0.9846,-0.27058,0.06997,-0.96015,5.426,5.846,sober
1032688598,2024/04/07,356.0,725.0,356.0,729.0,356.0,721.0,-0.15851,0.07037,-0.98485,-0.27336,0.06867,-0.95946,5.432,5.853,sober
1032705252,2024/04/07,353.0,715.0,356.0,720.0,351.0,711.0,-0.15846,0.06771,-0.98504,-0.27481,0.06575,-0.95925,5.425,5.846,sober
1032721906,2024/04/07,364.0,712.0,361.0,717.0,368.0,706.0,-0.15712,0.06703,-0.9853,-0.27018,0.0643,-0.96066,5.427,5.845,sober
1032738561,2024/04/07,352.0,709.0,354.0,718.0,350.0,699.0,-0.15891,0.06705,-0.98501,-0.27497,0.0622,-0.95944,5.422,5.842,sober
1032755215,2024/04/07,354.0,710.0,357.0,718.0,352.0,702.0,-0.15818,0.06699,-0.98514,-0.27454,0.06267,-0.95953,5.421,5.838,sober
1032771870,2024/04/07,353.0,723.0,351.0,725.0,354.0,721.0,-0.16011,0.06892,-0.98469,-0.27391,0.06808,-0.95934,5.419,5.813,sober
1032788525,2024/04/07,350.0,724.0,347.0,727.0,353.0,722.0,-0.1613,0.06914,-0.98448,-0.27439,0.06803,-0.95921,5.417,5.808,sober
1032805180,2024/04/07,348.0,722.0,354.0,722.0,342.0,722.0,-0.15939,0.0677,-0.98489,-0.27745,0.06805,-0.95833,5.413,5.796,sober
1032821834,2024/04/07,350.0,725.0,359.0,726.0,341.0,725.0,-0.15819,0.0687,-0.98502,-0.27793,0.06867,-0.95814,5.404,5.789,sober
1032838489,2024/04/07,367.0,719.0,357.0,725.0,378.0,713.0,-0.15874,0.06816,-0.98497,-0.26782,0.06522,-0.96126,5.42,5.821,sober
1032855144,2024/04/07,370.0,719.0,359.0,725.0,382.0,712.0,-0.15811,0.06803,-0.98508,-0.26682,0.06488,-0.96156,5.424,5.82,sober
1032871798,2024/04/07,357.0,724.0,365.0,737.0,350.0,712.0,-0.15606,0.07117,-0.98518,-0.27536,0.06436,-0.95919,5.444,5.759,sober
1032888453,2024/04/07,362.0,724.0,369.0,733.0,355.0,715.0,-0.15485,0.07006,-0.98545,-0.27393,0.06533,-0.95953,5.445,5.758,sober
1032905108,2024/04/07,362.0,728.0,372.0,723.0,352.0,732.0,-0.1543,0.06694,-0.98575,-0.27471,0.07003,-0.95897,5.421,5.771,sober
1032921761,2024/04/07,330.0,835.0,341.0,837.0,318.0,833.0,-0.16304,0.09964,-0.98158,-0.28321,0.09813,-0.95402,5.432,5.772,sober
1032938416,2024/04/07,305.0,918.0,324.0,911.0,286.0,924.0,-0.16928,0.11972,-0.97827,-0.29247,0.12281,-0.94836,5.398,5.738,sober
1032955071,2024/04/07,300.0,1569.0,344.0,1558.0,257.0,1579.0,-0.15705,0.29944,-0.9411,-0.28845,0.29789,-0.90998,5.341,5.673,sober
1032971725,2024/04/07,308.0,1568.0,338.0,1561.0,277.0,1575.0,-0.15908,0.29989,-0.94062,-0.28355,0.29695,-0.91182,5.374,5.712,sober
1032988380,2024/04/07,308.0,1592.0,342.0,1585.0,274.0,1600.0,-0.15784,0.30626,-0.93877,-0.28393,0.30317,-0.90965,5.375,5.718,sober
1033005035,2024/04/07,302.0,1608.0,338.0,1591.0,266.0,1624.0,-0.15939,0.30781,-0.938,-0.28611,0.30924,-0.90692,5.377,5.716,sober
1033021689,2024/04/07,308.0,1612.0,340.0,1594.0,276.0,1630.0,-0.15942,0.30873,-0.9377,-0.28382,0.31101,-0.90704,5.369,5.707,sober
1033038344,2024/04/07,322.0,1607.0,348.0,1591.0,296.0,1622.0,-0.15776,0.30831,-0.93811,-0.27926,0.30977,-0.90888,5.357,5.708,sober
1033054999,2024/04/07,320.0,1600.0,347.0,1587.0,292.0,1612.0,-0.15839,0.30744,-0.93829,-0.28086,0.30728,-0.90923,5.348,5.677,sober
1033071654,2024/04/07,309.0,1597.0,354.0,1579.0,265.0,1616.0,-0.1569,0.30587,-0.93906,-0.28815,0.30817,-0.90664,5.349,5.638,sober
1033088308,2024/04/07,308.0,1600.0,357.0,1577.0,259.0,1623.0,-0.15632,0.30616,-0.93906,-0.28976,0.31039,-0.90537,5.351,5.629,sober
1033104963,2024/04/07,300.0,1618.0,357.0,1591.0,243.0,1645.0,-0.15698,0.31061,-0.93748,-0.2938,0.3162,-0.90205,5.32,5.684,sober
1033121618,2024/04/07,292.0,1624.0,340.0,1604.0,244.0,1644.0,-0.16123,0.31365,-0.93575,-0.29349,0.31639,-0.90209,5.345,5.703,sober
1033138272,2024/04/07,301.0,1613.0,345.0,1599.0,257.0,1627.0,-0.16059,0.31468,-0.93552,-0.29139,0.31417,-0.90354,5.394,5.69,sober
1033154927,2024/04/07,308.0,1610.0,353.0,1598.0,264.0,1622.0,-0.15902,0.31569,-0.93544,-0.29044,0.31401,-0.90391,5.39,5.694,sober
1033171582,2024/04/07,309.0,1631.0,353.0,1593.0,265.0,1669.0,-0.15965,0.31491,-0.9356,-0.28971,0.32631,-0.89977,5.391,5.764,sober
1033188236,2024/04/07,306.0,1635.0,355.0,1597.0,258.0,1672.0,-0.15947,0.31637,-0.93514,-0.29193,0.32688,-0.89885,5.4,5.77,sober
1033204891,2024/04/07,303.0,1606.0,350.0,1591.0,257.0,1620.0,-0.16148,0.3148,-0.93532,-0.2942,0.31365,-0.90281,5.399,5.675,sober
1033221546,2024/04/07,324.0,1608.0,365.0,1594.0,284.0,1622.0,-0.15751,0.31523,-0.93585,-0.28749,0.31414,-0.9048,5.416,5.678,sober
1033238200,2024/04/07,343.0,1622.0,379.0,1614.0,306.0,1629.0,-0.15494,0.32045,-0.93451,-0.28332,0.31635,-0.90535,5.382,5.651,sober
1033254855,2024/04/07,712.0,1566.0,747.0,1550.0,677.0,1582.0,-0.0503,0.30748,-0.95022,-0.18569,0.31249,-0.93159,5.4,5.646,sober
1033271510,2024/04/07,712.0,1541.0,728.0,1524.0,696.0,1559.0,-0.05624,0.30019,-0.95222,-0.18106,0.30643,-0.93452,5.443,5.711,sober
1033288164,2024/04/07,708.0,1548.0,725.0,1538.0,692.0,1559.0,-0.05709,0.30438,-0.95084,-0.18277,0.30644,-0.93418,5.466,5.719,sober
1033304819,2024/04/07,697.0,1566.0,727.0,1546.0,667.0,1585.0,-0.05699,0.30751,-0.94984,-0.18977,0.31351,-0.93043,5.472,5.698,sober
1033321474,2024/04/07,702.0,1562.0,737.0,1537.0,667.0,1588.0,-0.05449,0.30594,-0.95049,-0.19028,0.31493,-0.92985,5.478,5.702,sober
1033338129,2024/04/07,705.0,1562.0,741.0,1538.0,669.0,1586.0,-0.05339,0.3069,-0.95024,-0.19007,0.31543,-0.92972,5.455,5.667,sober
1033354783,2024/04/07,698.0,1558.0,732.0,1536.0,664.0,1579.0,-0.0566,0.30744,-0.94988,-0.19211,0.3144,-0.92965,5.453,5.676,sober
1033371438,2024/04/07,705.0,1546.0,730.0,1529.0,680.0,1563.0,-0.05737,0.30648,-0.95014,-0.18783,0.31123,-0.93159,5.462,5.721,sober
1033388093,2024/04/07,704.0,1544.0,730.0,1524.0,678.0,1563.0,-0.05705,0.30613,-0.95028,-0.18842,0.31226,-0.93113,5.463,5.728,sober
1033404747,2024/04/07,698.0,1555.0,735.0,1531.0,660.0,1580.0,-0.05506,0.30901,-0.94946,-0.19274,0.3172,-0.92857,5.468,5.69,sober
1033421402,2024/04/07,707.0,1565.0,735.0,1536.0,679.0,1594.0,-0.05499,0.31136,-0.9487,-0.18716,0.32249,-0.92789,5.472,5.699,sober
1033438057,2024/04/07,713.0,1564.0,745.0,1555.0,681.0,1573.0,-0.05172,0.31743,-0.94687,-0.18677,0.31782,-0.92958,5.452,5.751,sober
1033454711,2024/04/07,712.0,1552.0,750.0,1533.0,674.0,1571.0,-0.04973,0.31189,-0.94882,-0.18839,0.31767,-0.9293,5.431,5.753,sober
1033471366,2024/04/07,709.0,1545.0,736.0,1518.0,683.0,1573.0,-0.0536,0.308,-0.94988,-0.18553,0.31886,-0.92946,5.442,5.736,sober
1033488021,2024/04/07,712.0,1547.0,742.0,1525.0,682.0,1569.0,-0.0512,0.30981,-0.94942,-0.18568,0.31792,-0.92976,5.444,5.732,sober
1033504675,2024/04/07,702.0,1552.0,739.0,1527.0,666.0,1576.0,-0.05168,0.31018,-0.94927,-0.18992,0.3193,-0.92843,5.443,5.723,sober
1033521330,2024/04/07,707.0,1550.0,742.0,1525.0,671.0,1574.0,-0.05047,0.30903,-0.94971,-0.18825,0.31851,-0.92904,5.435,5.72,sober
1033537984,2024/04/07,711.0,1549.0,742.0,1531.0,681.0,1566.0,-0.05052,0.31031,-0.94929,-0.18572,0.31613,-0.93036,5.429,5.719,sober
1033554638,2024/04/07,702.0,1547.0,727.0,1527.0,676.0,1566.0,-0.05483,0.30855,-0.94963,-0.18708,0.31557,-0.93028,5.415,5.707,sober
1033571293,2024/04/07,705.0,1538.0,734.0,1515.0,676.0,1560.0,-0.05274,0.3049,-0.95092,-0.18732,0.31339,-0.93097,5.417,5.717,sober
1033587948,2024/04/07,707.0,1545.0,735.0,1530.0,680.0,1559.0,-0.05237,0.30844,-0.9498,-0.18616,0.31232,-0.93156,5.386,5.703,sober
1033604603,2024/04/07,711.0,1543.0,730.0,1531.0,691.0,1556.0,-0.0537,0.30777,-0.94994,-0.18298,0.31078,-0.9327,5.41,5.689,sober
1033621257,2024/04/07,706.0,1542.0,730.0,1531.0,682.0,1552.0,-0.05353,0.30688,-0.95024,-0.18569,0.30858,-0.9329,5.404,5.684,sober
1033637912,2024/04/07,701.0,1552.0,743.0,1534.0,659.0,1571.0,-0.04971,0.30623,-0.95066,-0.19166,0.31168,-0.93066,5.386,5.662,sober
1033654567,2024/04/07,704.0,1554.0,743.0,1537.0,665.0,1571.0,-0.04946,0.30592,-0.95077,-0.18998,0.31049,-0.9314,5.38,5.653,sober
1033671221,2024/04/07,706.0,1556.0,744.0,1541.0,667.0,1571.0,-0.04868,0.30599,-0.95079,-0.18923,0.30914,-0.932,5.366,5.639,sober
1033687876,2024/04/07,707.0,1556.0,733.0,1542.0,682.0,1570.0,-0.05195,0.30552,-0.95077,-0.18458,0.30836,-0.93319,5.348,5.627,sober
1033704531,2024/04/07,715.0,1547.0,731.0,1541.0,699.0,1553.0,-0.05197,0.30448,-0.9511,-0.17954,0.30324,-0.93585,5.339,5.611,sober
1033721185,2024/04/07,721.0,1544.0,745.0,1537.0,696.0,1552.0,-0.04734,0.30327,-0.95173,-0.17964,0.30253,-0.93606,5.323,5.604,sober
1033737840,2024/04/07,722.0,1540.0,743.0,1534.0,700.0,1546.0,-0.04723,0.30188,-0.95218,-0.17797,0.30041,-0.93706,5.311,5.619,sober
1033754495,2024/04/07,721.0,1540.0,743.0,1532.0,700.0,1547.0,-0.0468,0.30098,-0.95248,-0.17751,0.3002,-0.93721,5.296,5.607,sober
1033771149,2024/04/07,718.0,1540.0,736.0,1539.0,700.0,1541.0,-0.04805,0.30219,-0.95204,-0.17661,0.29775,-0.93816,5.279,5.607,sober
1033787804,2024/04/07,719.0,1538.0,732.0,1537.0,705.0,1539.0,-0.04865,0.30102,-0.95238,-0.17453,0.29698,-0.9388,5.263,5.601,sober
1033804459,2024/04/07,758.0,1517.0,758.0,1508.0,757.0,1526.0,-0.04058,0.29324,-0.95518,-0.15914,0.29433,-0.94236,5.272,5.625,sober
1033821113,2024/04/07,806.0,1455.0,812.0,1439.0,799.0,1471.0,-0.02396,0.27452,-0.96128,-0.1471,0.27995,-0.94868,5.257,5.615,sober
1033837768,2024/04/07,818.0,1440.0,825.0,1430.0,810.0,1451.0,-0.0193,0.27224,-0.96203,-0.14335,0.27459,-0.95082,5.254,5.572,sober
1033854423,2024/04/07,821.0,1445.0,833.0,1438.0,809.0,1452.0,-0.0161,0.27473,-0.96139,-0.14276,0.27505,-0.95077,5.263,5.587,sober
1033871078,2024/04/07,808.0,1443.0,826.0,1433.0,790.0,1454.0,-0.01793,0.27331,-0.96176,-0.14775,0.27536,-0.94992,5.278,5.59,sober
1033887732,2024/04/07,805.0,1440.0,820.0,1430.0,789.0,1450.0,-0.01915,0.27246,-0.96198,-0.14732,0.27423,-0.95031,5.286,5.6,sober
1033904387,2024/04/07,807.0,1445.0,830.0,1433.0,784.0,1458.0,-0.01579,0.27323,-0.96182,-0.14835,0.27632,-0.94955,5.276,5.63,sober
1033921042,2024/04/07,800.0,1449.0,817.0,1441.0,784.0,1458.0,-0.01948,0.27548,-0.96111,-0.14811,0.27638,-0.94957,5.287,5.64,sober
1033937696,2024/04/07,807.0,1446.0,813.0,1451.0,801.0,1441.0,-0.02035,0.27843,-0.96024,-0.14264,0.27223,-0.9516,5.279,5.643,sober
1033954351,2024/04/07,808.0,1447.0,820.0,1444.0,797.0,1450.0,-0.01791,0.27709,-0.96068,-0.14351,0.2752,-0.95062,5.294,5.66,sober
1033971006,2024/04/07,807.0,1441.0,820.0,1434.0,793.0,1447.0,-0.01762,0.27472,-0.96136,-0.14404,0.27489,-0.95062,5.32,5.682,sober
1033987660,2024/04/07,806.0,1440.0,810.0,1434.0,802.0,1446.0,-0.02026,0.27474,-0.9613,-0.14131,0.27489,-0.95103,5.351,5.702,sober
1034004315,2024/04/07,760.0,1466.0,771.0,1461.0,748.0,1471.0,-0.03104,0.28171,-0.959,-0.15557,0.28076,-0.94709,5.367,5.733,sober
1034020970,2024/04/07,546.0,1622.0,545.0,1628.0,548.0,1616.0,-0.09592,0.32531,-0.94073,-0.20898,0.31628,-0.92536,5.412,5.796,sober
1034037624,2024/04/07,418.0,1732.0,440.0,1712.0,396.0,1752.0,-0.12576,0.34564,-0.9299,-0.24777,0.34689,-0.90459,5.394,5.777,sober
1034054279,2024/04/07,379.0,1750.0,413.0,1736.0,345.0,1764.0,-0.13207,0.3509,-0.92705,-0.25943,0.34763,-0.90103,5.382,5.754,sober
1034070934,2024/04/07,390.0,1734.0,417.0,1729.0,362.0,1739.0,-0.13111,0.35011,-0.92749,-0.25508,0.34298,-0.90405,5.416,5.804,sober
1034087588,2024/04/07,379.0,1738.0,402.0,1732.0,356.0,1744.0,-0.13613,0.35093,-0.92645,-0.25767,0.34458,-0.9027,5.434,5.826,sober
1034104243,2024/04/07,378.0,1742.0,408.0,1735.0,348.0,1750.0,-0.13473,0.35188,-0.9263,-0.26014,0.34585,-0.90151,5.442,5.835,sober
1034120898,2024/04/07,385.0,1747.0,430.0,1741.0,340.0,1753.0,-0.12841,0.35345,-0.9266,-0.26224,0.34625,-0.90075,5.469,5.852,sober
1034137552,2024/04/07,383.0,1760.0,431.0,1762.0,335.0,1759.0,-0.12866,0.3585,-0.92462,-0.26434,0.34747,-0.89966,5.434,5.851,sober
1034154206,2024/04/07,380.0,1768.0,429.0,1780.0,330.0,1756.0,-0.12936,0.36279,-0.92285,-0.26589,0.3465,-0.89958,5.455,5.865,sober
1034170861,2024/04/07,383.0,1749.0,431.0,1743.0,335.0,1754.0,-0.12977,0.35356,-0.92637,-0.2655,0.34591,-0.89992,5.509,5.866,sober
1034187516,2024/04/07,386.0,1742.0,439.0,1729.0,334.0,1756.0,-0.12846,0.34994,-0.92792,-0.26635,0.34614,-0.89958,5.51,5.874,sober
1034204170,2024/04/07,378.0,1754.0,422.0,1747.0,335.0,1761.0,-0.13373,0.35443,-0.92547,-0.2667,0.34744,-0.89898,5.497,5.909,sober
1034220825,2024/04/07,383.0,1760.0,430.0,1754.0,336.0,1765.0,-0.13217,0.35654,-0.92489,-0.26727,0.34836,-0.89845,5.505,5.91,sober
1034237480,2024/04/07,349.0,1781.0,452.0,1769.0,247.0,1793.0,-0.12555,0.36001,-0.92446,-0.28928,0.35203,-0.89017,5.47,5.9,sober
1034254134,2024/04/07,176.0,1848.0,217.0,1848.0,136.0,1848.0,-0.18978,0.37507,-0.90736,-0.31548,0.36144,-0.8774,5.475,5.936,sober
1034270789,2024/04/07,184.0,1831.0,210.0,1816.0,159.0,1846.0,-0.19352,0.36729,-0.90975,-0.31088,0.36173,-0.87892,5.548,6.01,sober
1034287444,2024/04/07,202.0,1817.0,224.0,1807.0,180.0,1827.0,-0.19083,0.36537,-0.91109,-0.30722,0.35778,-0.88182,5.533,5.973,sober
1034304098,2024/04/07,208.0,1810.0,226.0,1805.0,191.0,1816.0,-0.19089,0.36486,-0.91128,-0.30546,0.35523,-0.88346,5.511,5.947,sober
1034320753,2024/04/07,213.0,1806.0,234.0,1799.0,192.0,1814.0,-0.18968,0.3638,-0.91196,-0.30593,0.35475,-0.88349,5.485,5.941,sober
1034337408,2024/04/07,211.0,1807.0,236.0,1805.0,185.0,1810.0,-0.1895,0.36523,-0.91142,-0.30801,0.35362,-0.88322,5.465,5.904,sober
1034354062,2024/04/07,213.0,1801.0,232.0,1803.0,193.0,1799.0,-0.19137,0.36479,-0.91121,-0.30685,0.351,-0.88467,5.44,5.865,sober
1034370717,2024/04/07,215.0,1798.0,245.0,1800.0,185.0,1796.0,-0.18811,0.36395,-0.91222,-0.30944,0.34959,-0.88433,5.415,5.833,sober
1034387372,2024/04/07,218.0,1797.0,246.0,1800.0,191.0,1793.0,-0.18819,0.3637,-0.91231,-0.30832,0.3489,-0.88499,5.376,5.805,sober
1034404027,2024/04/07,215.0,1801.0,239.0,1798.0,192.0,1804.0,-0.19051,0.36279,-0.91219,-0.30785,0.35128,-0.88421,5.366,5.785,sober
1034420681,2024/04/07,245.0,1797.0,279.0,1783.0,211.0,1810.0,-0.1795,0.35978,-0.91561,-0.30274,0.35319,-0.88522,5.333,5.745,sober
1034437336,2024/04/07,254.0,1818.0,307.0,1800.0,200.0,1836.0,-0.17281,0.36557,-0.9146,-0.30604,0.35992,-0.88136,5.265,5.657,sober
1034453991,2024/04/07,616.0,1547.0,632.0,1539.0,599.0,1555.0,-0.08245,0.30141,-0.94992,-0.20679,0.29823,-0.93182,5.2,5.565,sober
1034470645,2024/04/07,619.0,1536.0,639.0,1516.0,599.0,1555.0,-0.0793,0.29488,-0.95224,-0.20491,0.29767,-0.93242,5.247,5.565,sober
1034487300,2024/04/07,609.0,1534.0,631.0,1527.0,587.0,1541.0,-0.08195,0.29758,-0.95117,-0.20838,0.29302,-0.93312,5.22,5.512,sober
1034503955,2024/04/07,621.0,1534.0,620.0,1556.0,623.0,1511.0,-0.08205,0.30464,-0.94893,-0.19589,0.28517,-0.93824,5.16,5.575,sober
1034520609,2024/04/07,608.0,1530.0,597.0,1545.0,620.0,1516.0,-0.09236,0.3019,-0.94885,-0.20004,0.28686,-0.93685,5.133,5.555,sober
1034537264,2024/04/07,606.0,1536.0,609.0,1525.0,602.0,1547.0,-0.08843,0.29605,-0.95107,-0.2039,0.29432,-0.9337,5.195,5.518,sober
1034553919,2024/04/07,610.0,1541.0,615.0,1534.0,605.0,1549.0,-0.08602,0.29831,-0.95059,-0.20268,0.2947,-0.93385,5.199,5.522,sober
1034570573,2024/04/07,613.0,1544.0,630.0,1533.0,597.0,1555.0,-0.08123,0.29827,-0.95102,-0.20475,0.29623,-0.93291,5.197,5.526,sober
1034587228,2024/04/07,612.0,1543.0,634.0,1528.0,589.0,1558.0,-0.07981,0.29688,-0.95157,-0.20654,0.29694,-0.93229,5.203,5.527,sober
1034603883,2024/04/07,601.0,1544.0,618.0,1533.0,583.0,1554.0,-0.08415,0.29849,-0.9507,-0.20791,0.2959,-0.93232,5.204,5.513,sober
1034620537,2024/04/07,600.0,1547.0,618.0,1540.0,582.0,1555.0,-0.08379,0.30029,-0.95016,-0.20815,0.29631,-0.93213,5.216,5.521,sober
1034637192,2024/04/07,599.0,1544.0,620.0,1532.0,578.0,1557.0,-0.08314,0.29817,-0.95089,-0.20888,0.29693,-0.93177,5.235,5.523,sober
1034653847,2024/04/07,605.0,1542.0,629.0,1528.0,580.0,1557.0,-0.08019,0.29712,-0.95147,-0.20832,0.29676,-0.93195,5.234,5.527,sober
1034670502,2024/04/07,629.0,1544.0,655.0,1533.0,603.0,1555.0,-0.07264,0.29891,-0.95151,-0.20224,0.29711,-0.93318,5.219,5.526,sober
1034687156,2024/04/07,680.0,1559.0,706.0,1550.0,653.0,1567.0,-0.0576,0.3045,-0.95077,-0.18833,0.30173,-0.93461,5.221,5.518,sober
1034703811,2024/04/07,687.0,1576.0,706.0,1580.0,667.0,1572.0,-0.05738,0.31324,-0.94794,-0.18402,0.30402,-0.93472,5.168,5.536,sober
1034720466,2024/04/07,682.0,1573.0,697.0,1576.0,666.0,1569.0,-0.05959,0.31242,-0.94807,-0.18409,0.3036,-0.93485,5.143,5.529,sober
1034737119,2024/04/07,683.0,1557.0,697.0,1553.0,669.0,1560.0,-0.05943,0.30629,-0.95008,-0.18324,0.30172,-0.93562,5.198,5.521,sober
1034753774,2024/04/07,689.0,1557.0,706.0,1553.0,672.0,1561.0,-0.05653,0.30638,-0.95023,-0.18221,0.3021,-0.9357,5.201,5.531,sober
1034770429,2024/04/07,694.0,1549.0,708.0,1556.0,680.0,1542.0,-0.05557,0.3073,-0.94999,-0.17991,0.29727,-0.93769,5.194,5.54,sober
1034787083,2024/04/07,697.0,1544.0,709.0,1550.0,684.0,1538.0,-0.05484,0.3054,-0.95064,-0.17862,0.29626,-0.93826,5.188,5.542,sober
1034803738,2024/04/07,727.0,1550.0,713.0,1566.0,741.0,1533.0,-0.05401,0.31058,-0.94901,-0.16259,0.29661,-0.94106,5.139,5.553,sober
1034820393,2024/04/07,865.0,1467.0,877.0,1461.0,852.0,1473.0,-0.0046,0.28205,-0.95939,-0.13107,0.28182,-0.95047,5.144,5.543,sober
1034837047,2024/04/07,889.0,1436.0,882.0,1438.0,895.0,1435.0,-0.00261,0.27594,-0.96117,-0.11819,0.27236,-0.95491,5.189,5.57,sober
1034853702,2024/04/07,908.0,1437.0,921.0,1436.0,895.0,1438.0,0.0097,0.27591,-0.96114,-0.11784,0.27381,-0.95454,5.232,5.605,sober
1034870357,2024/04/07,912.0,1435.0,927.0,1434.0,896.0,1435.0,0.01191,0.2755,-0.96123,-0.11723,0.27343,-0.95472,5.244,5.589,sober
1034887011,2024/04/07,911.0,1435.0,930.0,1432.0,892.0,1437.0,0.01313,0.27484,-0.9614,-0.1184,0.2742,-0.95436,5.251,5.597,sober
1034903666,2024/04/07,920.0,1441.0,932.0,1437.0,909.0,1445.0,0.0139,0.27596,-0.96107,-0.11302,0.27664,-0.9543,5.243,5.614,sober
1034920321,2024/04/07,922.0,1440.0,925.0,1435.0,919.0,1445.0,0.01228,0.27544,-0.96124,-0.10967,0.27674,-0.95466,5.261,5.624,sober
1034936976,2024/04/07,913.0,1448.0,921.0,1434.0,904.0,1462.0,0.01153,0.27473,-0.96145,-0.11374,0.28115,-0.9529,5.273,5.586,sober
1034953630,2024/04/07,917.0,1461.0,921.0,1434.0,913.0,1488.0,0.01167,0.2758,-0.96115,-0.11075,0.28963,-0.95071,5.288,5.598,sober
1034970285,2024/04/07,917.0,1441.0,916.0,1423.0,917.0,1459.0,0.0093,0.27178,-0.96231,-0.11044,0.28047,-0.95349,5.323,5.663,sober
1034986940,2024/04/07,910.0,1436.0,918.0,1421.0,903.0,1452.0,0.01079,0.27153,-0.96237,-0.11381,0.27908,-0.9535,5.336,5.686,sober
1035003594,2024/04/07,916.0,1451.0,933.0,1450.0,898.0,1453.0,0.01449,0.27849,-0.96033,-0.11608,0.27827,-0.95346,5.288,5.686,sober
1035020249,2024/04/07,905.0,1445.0,nan,nan,905.0,1445.0,nan,nan,nan,-0.11264,0.27679,-0.95431,nan,5.696,sober
1035036904,2024/04/07,898.0,1396.0,896.0,1352.0,899.0,1440.0,0.00316,0.25334,-0.96737,-0.11603,0.27844,-0.95342,5.481,5.707,sober
1035053558,2024/04/07,907.0,1437.0,916.0,1425.0,899.0,1449.0,0.00928,0.27554,-0.96124,-0.11611,0.28263,-0.95218,5.394,5.726,sober
1035070213,2024/04/07,898.0,1450.0,909.0,1431.0,888.0,1469.0,0.00627,0.27497,-0.96143,-0.11944,0.28575,-0.95083,5.416,5.756,sober
1035086868,2024/04/07,1010.0,1620.0,877.0,1371.0,1143.0,1868.0,-0.0039,0.25854,-0.96599,-0.04205,0.39144,-0.91924,5.544,5.839,sober
1035103522,2024/04/07,1013.0,1605.0,876.0,1349.0,1150.0,1860.0,-0.00509,0.25152,-0.96784,-0.04062,0.38867,-0.92048,5.537,5.833,sober
1035120177,2024/04/07,900.0,1434.0,910.0,1418.0,889.0,1451.0,0.0034,0.26996,-0.96286,-0.12148,0.27903,-0.95257,5.449,5.771,sober
1035136832,2024/04/07,913.0,1451.0,930.0,1456.0,896.0,1446.0,0.00657,0.28122,-0.95962,-0.12219,0.27833,-0.95268,5.401,5.759,sober
1035153486,2024/04/07,911.0,1447.0,934.0,1452.0,888.0,1442.0,0.00789,0.28252,-0.95923,-0.12506,0.27861,-0.95223,5.408,5.757,sober
1035170141,2024/04/07,906.0,1431.0,926.0,1428.0,885.0,1434.0,0.00448,0.27638,-0.96104,-0.1272,0.27636,-0.9526,5.452,5.766,sober
1035186796,2024/04/07,896.0,1436.0,922.0,1428.0,870.0,1443.0,0.00223,0.27627,-0.96108,-0.13288,0.27789,-0.95138,5.447,5.759,sober
1035203451,2024/04/07,879.0,1444.0,914.0,1418.0,845.0,1470.0,-0.0016,0.27155,-0.96242,-0.14122,0.28333,-0.94857,5.439,5.721,sober
1035220105,2024/04/07,921.0,1409.0,922.0,1392.0,920.0,1426.0,0.00117,0.26409,-0.9645,-0.1191,0.27098,-0.95519,5.423,5.702,sober
1035236760,2024/04/07,931.0,1419.0,941.0,1411.0,920.0,1426.0,0.00541,0.26995,-0.96286,-0.12046,0.27116,-0.95497,5.374,5.702,sober
1035253415,2024/04/07,nan,nan,nan,nan,nan,nan,nan,nan,nan,nan,nan,nan,nan,nan,sober
1035270069,2024/04/07,nan,nan,nan,nan,nan,nan,nan,nan,nan,nan,nan,nan,nan,nan,sober
1035286724,2024/04/07,nan,nan,nan,nan,nan,nan,nan,nan,nan,nan,nan,nan,nan,nan,sober
1035303379,2024/04/07,1205.0,251.0,1205.0,251.0,nan,nan,0.08417,-0.07873,-0.99334,nan,nan,nan,5.511,nan,sober
1035320033,2024/04/07,1230.0,236.0,1230.0,236.0,nan,nan,0.09262,-0.08004,-0.99248,nan,nan,nan,5.433,nan,sober
1035336687,2024/04/07,1248.0,225.0,1248.0,225.0,nan,nan,0.09807,-0.08497,-0.99155,nan,nan,nan,5.376,nan,sober
1035353342,2024/04/07,1291.0,220.0,1261.0,243.0,1321.0,196.0,0.10131,-0.07938,-0.99168,-0.00163,-0.09665,-0.99532,5.373,5.709,sober
1035369996,2024/04/07,1306.0,224.0,1271.0,244.0,1341.0,204.0,0.10533,-0.07946,-0.99126,0.00574,-0.09542,-0.99542,5.422,5.728,sober
1035386651,2024/04/07,1302.0,225.0,1276.0,242.0,1328.0,207.0,0.10604,-0.0783,-0.99127,0.00011,-0.09268,-0.9957,5.419,5.724,sober
1035403306,2024/04/07,1283.0,228.0,1270.0,253.0,1295.0,204.0,0.105,-0.07412,-0.99171,-0.00964,-0.09304,-0.99562,5.458,5.701,sober
1035419960,2024/04/07,1278.0,229.0,1261.0,259.0,1296.0,198.0,0.1025,-0.07201,-0.99212,-0.00899,-0.09458,-0.99548,5.455,5.701,sober
1035436615,2024/04/07,1282.0,224.0,1253.0,242.0,1312.0,205.0,0.09803,-0.07748,-0.99216,-0.00586,-0.09268,-0.99568,5.4,5.737,sober
1035453270,2024/04/07,1289.0,226.0,1253.0,243.0,1325.0,210.0,0.10073,-0.07855,-0.99181,0.00059,-0.09241,-0.99572,5.394,5.729,sober
1035469925,2024/04/07,1296.0,230.0,1257.0,254.0,1335.0,205.0,0.10281,-0.07545,-0.99184,0.00436,-0.09409,-0.99555,5.402,5.701,sober
1035486579,2024/04/07,1297.0,225.0,1266.0,249.0,1327.0,201.0,0.10577,-0.07607,-0.99148,0.00155,-0.09432,-0.99554,5.385,5.684,sober
1035503234,2024/04/07,1300.0,222.0,1275.0,249.0,1325.0,195.0,0.10958,-0.07465,-0.99117,0.00209,-0.09457,-0.99552,5.386,5.689,sober
1035519889,2024/04/07,1296.0,224.0,1269.0,250.0,1324.0,199.0,0.10784,-0.07201,-0.99156,0.00168,-0.09083,-0.99587,5.355,5.67,sober
1035536543,2024/04/07,1300.0,220.0,1271.0,232.0,1328.0,209.0,0.10888,-0.07689,-0.99108,0.00348,-0.08696,-0.99621,5.312,5.658,sober
1035553198,2024/04/07,1280.0,221.0,1250.0,236.0,1310.0,206.0,0.10247,-0.07622,-0.99181,-0.00243,-0.08871,-0.99605,5.299,5.652,sober
1035569853,2024/04/07,1263.0,219.0,1238.0,244.0,1289.0,195.0,0.09849,-0.07475,-0.99233,-0.0089,-0.0926,-0.99566,5.278,5.636,sober
1035586507,2024/04/07,1270.0,215.0,1248.0,237.0,1291.0,192.0,0.10205,-0.07681,-0.99181,-0.00838,-0.09358,-0.99558,5.258,5.621,sober
1035603162,2024/04/07,1273.0,209.0,1247.0,235.0,1298.0,183.0,0.10069,-0.07742,-0.9919,-0.00708,-0.0963,-0.99533,5.255,5.597,sober
1035619817,2024/04/07,1275.0,207.0,1245.0,234.0,1305.0,179.0,0.09937,-0.07685,-0.99208,-0.00543,-0.09652,-0.99532,5.235,5.588,sober
1035636471,2024/04/07,1270.0,206.0,1245.0,226.0,1296.0,186.0,0.09872,-0.07809,-0.99205,-0.00896,-0.09333,-0.99559,5.218,5.596,sober
1035653126,2024/04/07,1274.0,206.0,1249.0,225.0,1298.0,186.0,0.09953,-0.07825,-0.99195,-0.00884,-0.09286,-0.99564,5.217,5.591,sober
1035669781,2024/04/07,1270.0,208.0,1243.0,228.0,1296.0,187.0,0.09666,-0.07901,-0.99218,-0.01031,-0.09406,-0.99551,5.205,5.594,sober
1035686435,2024/04/07,1273.0,202.0,1242.0,217.0,1304.0,186.0,0.09588,-0.08272,-0.99195,-0.00782,-0.0948,-0.99547,5.248,5.643,sober
1035703090,2024/04/07,nan,nan,nan,nan,nan,nan,nan,nan,nan,nan,nan,nan,nan,nan,sober
1035719745,2024/04/07,1265.0,214.0,1247.0,232.0,1282.0,196.0,0.09667,-0.08153,-0.99197,-0.01437,-0.09557,-0.99532,5.133,5.516,sober
1035736400,2024/04/07,1326.0,209.0,1304.0,226.0,1349.0,192.0,0.11371,-0.083,-0.99004,0.00589,-0.09657,-0.99531,5.179,5.566,sober
1035753054,2024/04/07,1395.0,203.0,1373.0,219.0,1417.0,188.0,0.13378,-0.08416,-0.98743,0.02622,-0.09698,-0.99494,5.235,5.618,sober
1035769709,2024/04/07,1430.0,230.0,1420.0,246.0,1441.0,215.0,0.14762,-0.07487,-0.98621,0.03377,-0.08846,-0.99551,5.248,5.593,sober
1035786364,2024/04/07,1425.0,229.0,1412.0,249.0,1437.0,210.0,0.14575,-0.0726,-0.98665,0.03255,-0.08801,-0.99559,5.173,5.535,sober
1035803018,2024/04/07,1428.0,228.0,1422.0,240.0,1434.0,217.0,0.1485,-0.0769,-0.98592,0.03179,-0.08757,-0.99565,5.166,5.539,sober
1035819673,2024/04/07,1438.0,227.0,1441.0,227.0,1434.0,228.0,0.15226,-0.08068,-0.98504,0.02994,-0.08392,-0.99602,5.234,5.601,sober
1035836328,2024/04/07,nan,nan,nan,nan,nan,nan,nan,nan,nan,nan,nan,nan,nan,nan,sober
1035852982,2024/04/07,1420.0,224.0,1402.0,249.0,1438.0,199.0,0.13916,-0.07701,-0.98727,0.03119,-0.09596,-0.9949,5.147,5.503,sober
1035869637,2024/04/07,1427.0,238.0,1411.0,252.0,1444.0,225.0,0.14318,-0.07553,-0.98681,0.03482,-0.08779,-0.99553,5.213,5.545,sober
1035886292,2024/04/07,1431.0,241.0,1422.0,256.0,1441.0,227.0,0.1453,-0.07204,-0.98676,0.0323,-0.08479,-0.99588,5.295,5.545,sober
1035902946,2024/04/07,1434.0,221.0,1424.0,236.0,1444.0,207.0,0.14565,-0.07691,-0.98634,0.03283,-0.08967,-0.99543,5.281,5.548,sober
1035919601,2024/04/07,1428.0,224.0,1412.0,239.0,1443.0,209.0,0.14128,-0.07695,-0.98697,0.03211,-0.09007,-0.99542,5.234,5.556,sober
1035936256,2024/04/07,1427.0,222.0,1410.0,235.0,1443.0,210.0,0.14306,-0.07825,-0.98662,0.03344,-0.08979,-0.9954,5.238,5.568,sober
1035952909,2024/04/07,1421.0,226.0,1400.0,244.0,1443.0,208.0,0.14003,-0.07645,-0.98719,0.03328,-0.09091,-0.9953,5.254,5.586,sober
1035969564,2024/04/07,1422.0,224.0,1400.0,247.0,1444.0,200.0,0.14022,-0.07544,-0.98724,0.03317,-0.09326,-0.99509,5.273,5.614,sober
1035986219,2024/04/07,1423.0,218.0,1403.0,238.0,1444.0,197.0,0.13887,-0.07679,-0.98733,0.0311,-0.09307,-0.99517,5.296,5.634,sober
1036002874,2024/04/07,1409.0,220.0,1387.0,242.0,1432.0,198.0,0.13553,-0.07625,-0.98784,0.02863,-0.09314,-0.99524,5.264,5.595,sober
1036019528,2024/04/07,1416.0,214.0,1399.0,236.0,1434.0,192.0,0.14063,-0.07697,-0.98707,0.03163,-0.09396,-0.99507,5.306,5.613,sober
1036036183,2024/04/07,1424.0,214.0,1408.0,234.0,1440.0,195.0,0.14344,-0.07591,-0.98674,0.03299,-0.09144,-0.99526,5.354,5.663,sober
1036052838,2024/04/07,1425.0,212.0,1411.0,226.0,1439.0,198.0,0.14503,-0.07903,-0.98627,0.03305,-0.09137,-0.99527,5.372,5.679,sober
1036069492,2024/04/07,1439.0,212.0,1397.0,225.0,1481.0,198.0,0.14062,-0.07976,-0.98685,0.04561,-0.09133,-0.99478,5.4,5.736,sober
1036086147,2024/04/07,1437.0,209.0,1391.0,227.0,1483.0,191.0,0.13904,-0.07894,-0.98714,0.04618,-0.09346,-0.99455,5.427,5.757,sober
1036102802,2024/04/07,1429.0,200.0,1403.0,225.0,1455.0,175.0,0.14287,-0.079,-0.98658,0.0379,-0.09767,-0.9945,5.452,5.736,sober
1036119456,2024/04/07,1432.0,193.0,1404.0,215.0,1459.0,172.0,0.14378,-0.08126,-0.98627,0.03947,-0.0978,-0.99442,5.479,5.768,sober
1036136111,2024/04/07,1342.0,230.0,1312.0,255.0,1372.0,206.0,0.11668,-0.06581,-0.99099,0.01312,-0.08375,-0.9964,5.531,5.798,sober
1036152766,2024/04/07,1036.0,397.0,995.0,424.0,1078.0,371.0,0.0226,-0.01578,-0.99962,-0.07443,-0.03441,-0.99663,5.601,5.886,sober
1036169420,2024/04/07,845.0,507.0,830.0,510.0,860.0,503.0,-0.02652,0.00889,-0.99961,-0.13823,0.00459,-0.99039,5.56,5.922,sober
1036186075,2024/04/07,546.0,829.0,546.0,829.0,nan,nan,-0.10919,0.10366,-0.9886,nan,nan,nan,5.508,nan,sober
1036202730,2024/04/07,540.0,814.0,540.0,820.0,540.0,807.0,-0.11087,0.09871,-0.98892,-0.22724,0.09088,-0.96959,5.54,5.939,sober
1036219384,2024/04/07,535.0,823.0,537.0,826.0,533.0,821.0,-0.11207,0.09973,-0.98868,-0.22977,0.09467,-0.96863,5.516,5.885,sober
1036236039,2024/04/07,536.0,834.0,545.0,833.0,526.0,835.0,-0.10944,0.10274,-0.98867,-0.23185,0.09954,-0.96765,5.518,5.832,sober
1036252694,2024/04/07,541.0,837.0,549.0,837.0,533.0,836.0,-0.10735,0.10463,-0.9887,-0.22938,0.10073,-0.96811,5.52,5.838,sober
1036269349,2024/04/07,554.0,831.0,558.0,834.0,551.0,829.0,-0.10413,0.10452,-0.98906,-0.22372,0.10007,-0.9695,5.512,5.876,sober
1036286003,2024/04/07,554.0,833.0,559.0,833.0,548.0,832.0,-0.10336,0.10415,-0.98918,-0.22397,0.10082,-0.96937,5.518,5.884,sober
1036302658,2024/04/07,546.0,834.0,550.0,839.0,542.0,829.0,-0.10579,0.1046,-0.98887,-0.22546,0.09901,-0.96921,5.518,5.881,sober
1036319313,2024/04/07,546.0,831.0,547.0,835.0,546.0,826.0,-0.10612,0.10253,-0.98905,-0.22418,0.0975,-0.96966,5.515,5.885,sober
1036335967,2024/04/07,543.0,833.0,542.0,837.0,544.0,829.0,-0.10762,0.10253,-0.98889,-0.22446,0.09801,-0.96954,5.524,5.896,sober
1036352622,2024/04/07,542.0,833.0,539.0,841.0,544.0,826.0,-0.10808,0.10431,-0.98865,-0.22449,0.09765,-0.96957,5.521,5.905,sober
1036369277,2024/04/07,537.0,830.0,536.0,836.0,537.0,824.0,-0.10897,0.10367,-0.98862,-0.22636,0.09814,-0.96909,5.506,5.906,sober
1036385931,2024/04/07,539.0,831.0,538.0,834.0,540.0,829.0,-0.10839,0.1038,-0.98867,-0.2255,0.10043,-0.96905,5.502,5.902,sober
1036402586,2024/04/07,550.0,837.0,548.0,839.0,552.0,836.0,-0.10501,0.1053,-0.98888,-0.22196,0.10282,-0.96962,5.496,5.897,sober
1036419241,2024/04/07,551.0,835.0,551.0,834.0,552.0,837.0,-0.10428,0.10323,-0.98918,-0.22184,0.10244,-0.96969,5.488,5.888,sober
1036435895,2024/04/07,548.0,834.0,544.0,836.0,553.0,832.0,-0.10615,0.10272,-0.98903,-0.22167,0.10025,-0.96995,5.494,5.886,sober
1036452550,2024/04/07,550.0,836.0,542.0,841.0,557.0,831.0,-0.10643,0.10369,-0.9889,-0.2203,0.09935,-0.97036,5.489,5.878,sober
1036469205,2024/04/07,616.0,824.0,598.0,826.0,634.0,821.0,-0.09045,0.09936,-0.99093,-0.19901,0.09688,-0.9752,5.479,5.86,sober
1036485859,2024/04/07,745.0,796.0,735.0,795.0,755.0,797.0,-0.04924,0.09078,-0.99465,-0.16451,0.09088,-0.98218,5.468,5.84,sober
1036502514,2024/04/07,787.0,782.0,772.0,781.0,803.0,783.0,-0.03738,0.08809,-0.99541,-0.14969,0.08836,-0.98478,5.461,5.809,sober
1036519169,2024/04/07,781.0,785.0,769.0,785.0,794.0,784.0,-0.03796,0.08995,-0.99522,-0.15221,0.08921,-0.98431,5.482,5.816,sober
1036535824,2024/04/07,777.0,788.0,774.0,794.0,779.0,782.0,-0.0361,0.09205,-0.9951,-0.1566,0.08819,-0.98372,5.505,5.83,sober
1036552477,2024/04/07,776.0,788.0,775.0,795.0,776.0,782.0,-0.03571,0.09159,-0.99516,-0.1572,0.08731,-0.9837,5.513,5.827,sober
1036569132,2024/04/07,773.0,787.0,769.0,795.0,778.0,779.0,-0.03753,0.09089,-0.99515,-0.15662,0.08582,-0.98392,5.514,5.824,sober
1036585787,2024/04/07,778.0,784.0,773.0,790.0,783.0,777.0,-0.0361,0.0891,-0.99537,-0.15497,0.08519,-0.98424,5.524,5.825,sober
1036602441,2024/04/07,775.0,784.0,769.0,783.0,780.0,785.0,-0.0372,0.08736,-0.99548,-0.15585,0.08789,-0.98386,5.52,5.815,sober
1036619096,2024/04/07,771.0,784.0,766.0,781.0,777.0,788.0,-0.03814,0.08767,-0.99542,-0.15673,0.08942,-0.98358,5.521,5.815,sober
1036635751,2024/04/07,782.0,788.0,778.0,795.0,786.0,781.0,-0.03436,0.09227,-0.99514,-0.15382,0.08797,-0.98417,5.543,5.829,sober
1036652405,2024/04/07,784.0,791.0,779.0,802.0,789.0,780.0,-0.03374,0.09445,-0.99496,-0.15286,0.08786,-0.98433,5.551,5.832,sober
1036669060,2024/04/07,773.0,786.0,763.0,794.0,782.0,779.0,-0.03864,0.09131,-0.99507,-0.1549,0.08667,-0.98412,5.554,5.839,sober
1036685715,2024/04/07,770.0,785.0,762.0,791.0,779.0,778.0,-0.03901,0.0898,-0.9952,-0.15601,0.08578,-0.98402,5.563,5.847,sober
1036702369,2024/04/07,771.0,786.0,767.0,787.0,774.0,785.0,-0.0374,0.08803,-0.99542,-0.15727,0.08739,-0.98368,5.549,5.85,sober
1036719024,2024/04/07,773.0,787.0,770.0,789.0,777.0,785.0,-0.03672,0.08883,-0.99537,-0.15656,0.08763,-0.98377,5.555,5.854,sober
1036735679,2024/04/07,779.0,789.0,765.0,796.0,792.0,781.0,-0.0382,0.09167,-0.99506,-0.15223,0.0872,-0.98449,5.57,5.857,sober
1036752333,2024/04/07,777.0,790.0,765.0,799.0,789.0,780.0,-0.03843,0.09332,-0.99489,-0.15315,0.08737,-0.98433,5.577,5.861,sober
1036768988,2024/04/07,775.0,782.0,772.0,798.0,777.0,767.0,-0.03621,0.09307,-0.995,-0.15677,0.08346,-0.9841,5.571,5.895,sober
1036785643,2024/04/07,844.0,836.0,844.0,852.0,843.0,820.0,-0.01552,0.10795,-0.99403,-0.13794,0.0983,-0.98555,5.598,5.909,sober
1036802298,2024/04/07,1120.0,1058.0,891.0,894.0,1349.0,1222.0,-0.00074,0.12095,-0.99266,0.01486,0.21725,-0.976,5.584,5.948,sober
1036818952,2024/04/07,1659.0,1536.0,1520.0,1523.0,1799.0,1550.0,0.17661,0.29351,-0.9395,0.1412,0.30321,-0.94241,5.701,6.028,sober
1036835607,2024/04/07,1480.0,1530.0,1480.0,1530.0,nan,nan,0.1676,0.29591,-0.9404,nan,nan,nan,5.738,nan,sober
1036852262,2024/04/07,1460.0,1593.0,1473.0,1564.0,1447.0,1621.0,0.16381,0.30471,-0.93825,0.04031,0.32453,-0.94502,5.679,5.874,sober
1036868916,2024/04/07,1490.0,1588.0,1506.0,1567.0,1474.0,1610.0,0.17336,0.30525,-0.93636,0.04888,0.3214,-0.94568,5.69,5.901,sober
1036885571,2024/04/07,1492.0,1586.0,1502.0,1562.0,1482.0,1611.0,0.17236,0.30409,-0.93692,0.05084,0.32179,-0.94545,5.691,5.903,sober
1036902226,2024/04/07,1479.0,1594.0,1491.0,1578.0,1467.0,1610.0,0.16875,0.30842,-0.93616,0.04642,0.32133,-0.94583,5.68,5.917,sober
1036918880,2024/04/07,1476.0,1595.0,1488.0,1584.0,1465.0,1607.0,0.16797,0.30976,-0.93586,0.04616,0.32006,-0.94627,5.693,5.918,sober
1036935535,2024/04/07,1485.0,1593.0,1497.0,1582.0,1473.0,1605.0,0.17063,0.30831,-0.93586,0.0484,0.31892,-0.94654,5.627,5.916,sober
1036952190,2024/04/07,1493.0,1594.0,1509.0,1582.0,1477.0,1606.0,0.17396,0.3083,-0.93525,0.04963,0.3191,-0.94642,5.64,5.93,sober
1036968844,2024/04/07,1485.0,1587.0,1499.0,1561.0,1471.0,1614.0,0.17152,0.30332,-0.93732,0.04795,0.32158,-0.94567,5.709,5.943,sober
1036985499,2024/04/07,1485.0,1591.0,1499.0,1565.0,1471.0,1617.0,0.17151,0.30496,-0.93679,0.04795,0.32309,-0.94515,5.708,5.948,sober
1037002154,2024/04/07,1479.0,1589.0,1489.0,1582.0,1469.0,1595.0,0.16858,0.31003,-0.93566,0.04762,0.31784,-0.94695,5.698,5.953,sober
1037018808,2024/04/07,1481.0,1583.0,1490.0,1579.0,1471.0,1587.0,0.16924,0.30935,-0.93577,0.04829,0.31562,-0.94766,5.693,5.953,sober
1037035463,2024/04/07,1485.0,1581.0,1493.0,1569.0,1478.0,1594.0,0.17036,0.30637,-0.93654,0.05042,0.31714,-0.94704,5.687,5.941,sober
1037052118,2024/04/07,1487.0,1582.0,1493.0,1569.0,1481.0,1596.0,0.17047,0.30584,-0.9367,0.05122,0.31718,-0.94698,5.668,5.934,sober
1037068773,2024/04/07,1486.0,1582.0,1497.0,1566.0,1474.0,1598.0,0.17154,0.30497,-0.93679,0.04952,0.31775,-0.94688,5.663,5.943,sober
1037085427,2024/04/07,1479.0,1585.0,1488.0,1569.0,1471.0,1601.0,0.16888,0.3062,-0.93687,0.04853,0.31866,-0.94663,5.64,5.943,sober
1037102082,2024/04/07,1463.0,1582.0,1497.0,1589.0,1428.0,1576.0,0.17106,0.3117,-0.93466,0.03614,0.31285,-0.94912,5.562,5.935,sober
1037118737,2024/04/07,1250.0,1444.0,1113.0,1355.0,1387.0,1533.0,0.06281,0.25161,-0.96579,0.02423,0.30105,-0.9533,5.559,5.969,sober
1037135391,2024/04/07,952.0,1173.0,1113.0,1355.0,791.0,992.0,0.06226,0.25328,-0.96539,-0.15471,0.14703,-0.97696,5.559,6.004,sober
1037152045,2024/04/07,516.0,907.0,422.0,885.0,610.0,929.0,-0.14347,0.11662,-0.98276,-0.20512,0.12881,-0.97022,5.478,5.975,sober
1037168700,2024/04/07,457.0,866.0,426.0,870.0,488.0,861.0,-0.14262,0.11158,-0.98347,-0.24042,0.10735,-0.96472,5.501,5.945,sober
1037185354,2024/04/07,460.0,851.0,435.0,858.0,485.0,844.0,-0.13972,0.1079,-0.98429,-0.24127,0.10221,-0.96506,5.433,5.894,sober
1037202009,2024/04/07,470.0,845.0,464.0,857.0,476.0,834.0,-0.13035,0.1078,-0.98559,-0.24358,0.09924,-0.96479,5.431,5.889,sober
1037218664,2024/04/07,473.0,841.0,473.0,854.0,474.0,829.0,-0.12748,0.10751,-0.986,-0.24375,0.09827,-0.96485,5.435,5.887,sober
1037235318,2024/04/07,455.0,843.0,451.0,855.0,459.0,831.0,-0.13382,0.10831,-0.98507,-0.2477,0.09943,-0.96372,5.408,5.867,sober
1037251973,2024/04/07,451.0,846.0,449.0,854.0,454.0,838.0,-0.13412,0.1083,-0.98503,-0.24913,0.10183,-0.9631,5.413,5.879,sober
1037268628,2024/04/07,454.0,844.0,450.0,857.0,458.0,831.0,-0.1337,0.10883,-0.98503,-0.24783,0.09977,-0.96365,5.429,5.893,sober
1037285282,2024/04/07,455.0,843.0,457.0,859.0,454.0,828.0,-0.13133,0.10901,-0.98533,-0.24896,0.09843,-0.9635,5.426,5.885,sober
1037301937,2024/04/07,452.0,845.0,455.0,858.0,449.0,832.0,-0.13197,0.10824,-0.98533,-0.25028,0.09917,-0.96308,5.427,5.888,sober
1037318592,2024/04/07,451.0,846.0,449.0,858.0,454.0,834.0,-0.13371,0.10815,-0.9851,-0.24874,0.09962,-0.96343,5.427,5.896,sober
1037335247,2024/04/07,457.0,848.0,455.0,861.0,459.0,835.0,-0.1318,0.10934,-0.98523,-0.2474,0.10033,-0.9637,5.431,5.888,sober
1037351901,2024/04/07,458.0,845.0,454.0,858.0,462.0,831.0,-0.13202,0.10902,-0.98523,-0.2464,0.09966,-0.96403,5.43,5.894,sober
1037368556,2024/04/07,445.0,846.0,445.0,856.0,444.0,836.0,-0.13502,0.10848,-0.98489,-0.25179,0.10106,-0.96249,5.419,5.877,sober
1037385211,2024/04/07,438.0,845.0,446.0,862.0,430.0,828.0,-0.13453,0.11054,-0.98472,-0.25591,0.09867,-0.96165,5.418,5.876,sober
1037401865,2024/04/07,458.0,841.0,455.0,869.0,461.0,812.0,-0.1313,0.11226,-0.98497,-0.24628,0.09347,-0.96468,5.413,5.913,sober
1037418520,2024/04/07,466.0,843.0,460.0,870.0,472.0,816.0,-0.13038,0.11248,-0.98506,-0.24374,0.0949,-0.96519,5.41,5.906,sober
1037435175,2024/04/07,471.0,844.0,462.0,864.0,481.0,824.0,-0.12963,0.1104,-0.9854,-0.24108,0.09695,-0.96565,5.403,5.898,sober
1037451829,2024/04/07,455.0,847.0,450.0,870.0,460.0,825.0,-0.1331,0.11192,-0.98476,-0.24681,0.09689,-0.96421,5.406,5.891,sober
1037468484,2024/04/07,405.0,900.0,405.0,920.0,404.0,880.0,-0.14514,0.12685,-0.98124,-0.26114,0.11284,-0.95868,5.4,5.911,sober
1037485139,2024/04/07,356.0,971.0,347.0,996.0,364.0,947.0,-0.16087,0.1489,-0.97568,-0.27052,0.13216,-0.9536,5.407,5.929,sober
1037501793,2024/04/07,354.0,981.0,354.0,1000.0,355.0,963.0,-0.15892,0.15017,-0.9758,-0.27279,0.13677,-0.9523,5.432,5.925,sober
1037518448,2024/04/07,356.0,980.0,358.0,997.0,354.0,962.0,-0.15775,0.14947,-0.9761,-0.27307,0.13668,-0.95224,5.443,5.929,sober
1037535103,2024/04/07,353.0,969.0,347.0,986.0,359.0,951.0,-0.16093,0.14665,-0.97601,-0.27175,0.13406,-0.95298,5.441,5.92,sober
1037551757,2024/04/07,351.0,967.0,346.0,987.0,357.0,948.0,-0.16104,0.14718,-0.97591,-0.27228,0.1339,-0.95286,5.435,5.918,sober
1037568412,2024/04/07,356.0,977.0,359.0,996.0,354.0,957.0,-0.15672,0.15087,-0.97605,-0.2726,0.13754,-0.95224,5.434,5.93,sober
1037585067,2024/04/07,356.0,978.0,363.0,998.0,349.0,958.0,-0.15519,0.15177,-0.97616,-0.2737,0.13841,-0.9518,5.442,5.936,sober
1037601722,2024/04/07,358.0,971.0,368.0,993.0,348.0,949.0,-0.15319,0.15067,-0.97664,-0.2737,0.13636,-0.9521,5.458,5.932,sober
1037618376,2024/04/07,363.0,974.0,366.0,996.0,360.0,953.0,-0.1534,0.15169,-0.97645,-0.26994,0.13801,-0.95294,5.468,5.937,sober
1037635031,2024/04/07,357.0,978.0,358.0,995.0,356.0,960.0,-0.1552,0.15144,-0.97621,-0.27062,0.14046,-0.95238,5.46,5.936,sober
1037651686,2024/04/07,365.0,974.0,370.0,992.0,360.0,957.0,-0.15132,0.15039,-0.97698,-0.26923,0.13976,-0.95288,5.467,5.949,sober
1037668340,2024/04/07,419.0,995.0,411.0,1012.0,426.0,977.0,-0.13926,0.1567,-0.97778,-0.25116,0.14654,-0.95679,5.471,5.954,sober
1037684995,2024/04/07,488.0,1007.0,489.0,1022.0,486.0,992.0,-0.11675,0.16047,-0.98011,-0.23481,0.15208,-0.96007,5.485,5.954,sober
1037701650,2024/04/07,494.0,996.0,501.0,1013.0,487.0,978.0,-0.11281,0.15853,-0.98089,-0.23481,0.14888,-0.96057,5.493,5.951,sober
1037718304,2024/04/07,492.0,1004.0,501.0,1023.0,483.0,984.0,-0.11274,0.16113,-0.98047,-0.23549,0.15054,-0.96015,5.489,5.942,sober
1037734959,2024/04/07,494.0,1006.0,501.0,1024.0,486.0,988.0,-0.11265,0.16051,-0.98058,-0.23466,0.15087,-0.9603,5.502,5.942,sober
1037751613,2024/04/07,491.0,1007.0,496.0,1023.0,486.0,990.0,-0.11405,0.15956,-0.98058,-0.23468,0.151,-0.96027,5.518,5.942,sober
1037768267,2024/04/07,489.0,1017.0,495.0,1029.0,483.0,1004.0,-0.11431,0.16065,-0.98037,-0.23533,0.1544,-0.95957,5.522,5.942,sober
1037784922,2024/04/07,488.0,1011.0,492.0,1028.0,484.0,995.0,-0.11514,0.16004,-0.98037,-0.2352,0.15158,-0.96006,5.534,5.953,sober
1037801577,2024/04/07,486.0,1004.0,490.0,1019.0,483.0,989.0,-0.11607,0.15774,-0.98064,-0.2359,0.15017,-0.96011,5.542,5.967,sober
1037818231,2024/04/07,494.0,999.0,497.0,1006.0,490.0,992.0,-0.11417,0.15441,-0.98139,-0.23401,0.15153,-0.96035,5.553,5.968,sober
1037834886,2024/04/07,492.0,997.0,501.0,1000.0,483.0,994.0,-0.11327,0.15298,-0.98172,-0.23618,0.15213,-0.95973,5.553,5.952,sober
1037851541,2024/04/07,492.0,988.0,501.0,994.0,482.0,983.0,-0.11345,0.1509,-0.98202,-0.23681,0.14861,-0.96012,5.56,5.946,sober
1037868196,2024/04/07,493.0,983.0,504.0,996.0,483.0,970.0,-0.11287,0.15096,-0.98207,-0.23682,0.14432,-0.96077,5.57,5.952,sober
1037884850,2024/04/07,495.0,981.0,509.0,993.0,482.0,969.0,-0.11137,0.14961,-0.98245,-0.23719,0.14323,-0.96085,5.579,5.947,sober
1037901505,2024/04/07,501.0,971.0,509.0,982.0,493.0,960.0,-0.11149,0.14595,-0.98299,-0.23409,0.14036,-0.96203,5.562,5.927,sober
1037918160,2024/04/07,502.0,958.0,512.0,964.0,492.0,953.0,-0.11086,0.1411,-0.98377,-0.23447,0.13858,-0.9622,5.566,5.912,sober
1037934814,2024/04/07,497.0,948.0,504.0,953.0,491.0,943.0,-0.11309,0.13834,-0.98391,-0.23498,0.13626,-0.9624,5.569,5.907,sober
1037951469,2024/04/07,494.0,937.0,498.0,941.0,490.0,933.0,-0.11492,0.13469,-0.9842,-0.2351,0.13309,-0.96282,5.559,5.895,sober
1037968124,2024/04/07,491.0,922.0,498.0,935.0,484.0,909.0,-0.11418,0.13314,-0.9845,-0.23612,0.12594,-0.96353,5.56,5.893,sober
1037984778,2024/04/07,431.0,793.0,424.0,797.0,439.0,789.0,-0.1365,0.09104,-0.98645,-0.24943,0.09004,-0.9642,5.556,5.902,sober
1038001433,2024/04/07,388.0,687.0,380.0,701.0,396.0,674.0,-0.14956,0.06131,-0.98685,-0.26124,0.05532,-0.96369,5.555,5.93,sober
1038018088,2024/04/07,378.0,660.0,372.0,672.0,383.0,648.0,-0.15122,0.05238,-0.98711,-0.26412,0.04761,-0.96331,5.537,5.92,sober
1038034742,2024/04/07,364.0,662.0,373.0,674.0,354.0,651.0,-0.15136,0.05217,-0.9871,-0.2726,0.04731,-0.96096,5.529,5.87,sober
1038051397,2024/04/07,373.0,674.0,373.0,674.0,nan,nan,-0.15115,0.05257,-0.98711,nan,nan,nan,5.512,nan,sober
1038068052,2024/04/07,213.0,510.0,374.0,679.0,53.0,342.0,-0.15082,0.05376,-0.9871,-0.3521,-0.04301,-0.93497,5.504,5.983,sober
1038084706,2024/04/07,293.0,589.0,378.0,679.0,207.0,499.0,-0.14868,0.05405,-0.98741,-0.31202,0.00264,-0.95007,5.489,5.918,sober
1038101361,2024/04/07,382.0,665.0,376.0,677.0,388.0,654.0,-0.14851,0.05272,-0.9875,-0.26162,0.04818,-0.96397,5.481,5.88,sober
1038118016,2024/04/07,379.0,668.0,374.0,680.0,385.0,656.0,-0.14876,0.05278,-0.98746,-0.26196,0.04802,-0.96388,5.473,5.877,sober
1038134671,2024/04/07,376.0,668.0,371.0,679.0,381.0,656.0,-0.14933,0.05158,-0.98744,-0.26276,0.04735,-0.9637,5.465,5.895,sober
1038151325,2024/04/07,375.0,664.0,366.0,678.0,384.0,649.0,-0.15093,0.05115,-0.98722,-0.26165,0.04506,-0.96411,5.46,5.891,sober
1038167980,2024/04/07,378.0,659.0,370.0,681.0,385.0,636.0,-0.14961,0.05218,-0.98737,-0.26116,0.04155,-0.9644,5.448,5.866,sober
1038184635,2024/04/07,378.0,661.0,370.0,679.0,387.0,644.0,-0.14951,0.05177,-0.9874,-0.26049,0.04424,-0.96446,5.442,5.857,sober
1038201289,2024/04/07,379.0,659.0,373.0,679.0,384.0,639.0,-0.14844,0.05208,-0.98755,-0.26097,0.04304,-0.96439,5.439,5.845,sober
1038217944,2024/04/07,382.0,655.0,379.0,677.0,385.0,634.0,-0.14666,0.05105,-0.98787,-0.26067,0.04123,-0.96455,5.443,5.836,sober
1038234599,2024/04/07,385.0,659.0,380.0,669.0,389.0,649.0,-0.14613,0.04847,-0.98808,-0.25915,0.04526,-0.96478,5.455,5.838,sober
1038251253,2024/04/07,382.0,653.0,375.0,665.0,388.0,641.0,-0.14728,0.04705,-0.98798,-0.25944,0.04286,-0.96481,5.449,5.832,sober
1038267908,2024/04/07,373.0,651.0,365.0,666.0,382.0,636.0,-0.15042,0.04754,-0.98748,-0.26092,0.04174,-0.96446,5.45,5.839,sober
1038284563,2024/04/07,374.0,647.0,366.0,662.0,381.0,632.0,-0.14983,0.04731,-0.98758,-0.26108,0.04133,-0.96443,5.45,5.833,sober
1038301217,2024/04/07,381.0,641.0,372.0,663.0,391.0,618.0,-0.14833,0.04854,-0.98775,-0.25846,0.03816,-0.96527,5.439,5.842,sober
1038317872,2024/04/07,385.0,635.0,379.0,652.0,391.0,617.0,-0.14622,0.0463,-0.98817,-0.25859,0.03911,-0.9652,5.444,5.834,sober
1038334527,2024/04/07,378.0,638.0,383.0,647.0,372.0,628.0,-0.14581,0.04536,-0.98827,-0.26474,0.0429,-0.96337,5.458,5.799,sober
1038351181,2024/04/07,379.0,633.0,382.0,645.0,377.0,622.0,-0.14533,0.04417,-0.9884,-0.26257,0.04049,-0.96406,5.455,5.791,sober
1038367835,2024/04/07,387.0,631.0,380.0,644.0,394.0,617.0,-0.14575,0.04365,-0.98836,-0.2578,0.03909,-0.96541,5.447,5.829,sober
1038384490,2024/04/07,386.0,625.0,379.0,638.0,393.0,612.0,-0.14618,0.04165,-0.98838,-0.25805,0.03742,-0.96541,5.449,5.831,sober
1038401145,2024/04/07,390.0,635.0,378.0,643.0,401.0,627.0,-0.14645,0.04341,-0.98827,-0.25572,0.04185,-0.96585,5.446,5.823,sober
1038417799,2024/04/07,409.0,682.0,403.0,703.0,414.0,661.0,-0.13883,0.06169,-0.98839,-0.25201,0.05214,-0.96632,5.465,5.829,sober
1038434454,2024/04/07,412.0,698.0,416.0,723.0,409.0,674.0,-0.13462,0.06803,-0.98856,-0.25307,0.05647,-0.9658,5.486,5.802,sober
1038451109,2024/04/07,404.0,688.0,404.0,706.0,404.0,670.0,-0.13791,0.06317,-0.98843,-0.25429,0.05548,-0.96554,5.482,5.811,sober
1038467763,2024/04/07,406.0,678.0,399.0,697.0,413.0,658.0,-0.13953,0.05998,-0.9884,-0.25189,0.05165,-0.96638,5.474,5.845,sober
1038484418,2024/04/07,407.0,671.0,399.0,689.0,416.0,653.0,-0.13941,0.05687,-0.9886,-0.25092,0.04965,-0.96673,5.474,5.848,sober
1038501073,2024/04/07,403.0,664.0,388.0,683.0,418.0,646.0,-0.14261,0.05425,-0.98829,-0.25051,0.04669,-0.96699,5.503,5.842,sober
1038517727,2024/04/07,401.0,657.0,389.0,672.0,413.0,643.0,-0.14228,0.05092,-0.98852,-0.25179,0.04567,-0.9667,5.511,5.848,sober
1038534382,2024/04/07,394.0,658.0,393.0,670.0,394.0,647.0,-0.14122,0.05059,-0.98868,-0.25719,0.04711,-0.96521,5.49,5.836,sober
1038551037,2024/04/07,396.0,657.0,391.0,666.0,400.0,648.0,-0.14198,0.0498,-0.98862,-0.25573,0.04784,-0.96556,5.49,5.83,sober
1038567691,2024/04/07,397.0,650.0,386.0,663.0,408.0,638.0,-0.14383,0.04893,-0.98839,-0.25374,0.04481,-0.96623,5.495,5.829,sober
1038584346,2024/04/07,401.0,646.0,395.0,662.0,408.0,631.0,-0.14131,0.04858,-0.98877,-0.254,0.04271,-0.96626,5.495,5.825,sober
1038601000,2024/04/07,408.0,650.0,403.0,666.0,414.0,635.0,-0.13903,0.04958,-0.98905,-0.25235,0.04362,-0.96665,5.483,5.865,sober
1038617654,2024/04/07,408.0,646.0,401.0,663.0,414.0,628.0,-0.13966,0.04835,-0.98902,-0.25241,0.04127,-0.96674,5.481,5.861,sober
1038634309,2024/04/07,412.0,637.0,406.0,658.0,418.0,616.0,-0.1382,0.0468,-0.9893,-0.25142,0.03774,-0.96714,5.5,5.824,sober
1038650964,2024/04/07,415.0,639.0,408.0,656.0,422.0,622.0,-0.13754,0.04616,-0.98942,-0.25036,0.03955,-0.96734,5.501,5.819,sober
1038667619,2024/04/07,408.0,642.0,402.0,659.0,414.0,625.0,-0.13936,0.04757,-0.9891,-0.25263,0.04081,-0.9667,5.475,5.809,sober
1038684273,2024/04/07,405.0,642.0,400.0,664.0,411.0,620.0,-0.14012,0.04928,-0.98891,-0.25357,0.03963,-0.9665,5.466,5.81,sober
1038700928,2024/04/07,406.0,639.0,398.0,661.0,414.0,617.0,-0.14061,0.04813,-0.98889,-0.2527,0.03846,-0.96678,5.48,5.816,sober
1038717583,2024/04/07,403.0,638.0,395.0,660.0,412.0,617.0,-0.1417,0.04728,-0.98878,-0.25333,0.03764,-0.96665,5.47,5.812,sober
1038734237,2024/04/07,413.0,635.0,395.0,662.0,431.0,607.0,-0.14139,0.04705,-0.98884,-0.24789,0.03424,-0.96818,5.457,5.799,sober
1038750892,2024/04/07,416.0,631.0,395.0,660.0,437.0,603.0,-0.14141,0.04616,-0.98887,-0.246,0.03249,-0.96873,5.456,5.802,sober
1038767547,2024/04/07,424.0,635.0,409.0,647.0,439.0,623.0,-0.13701,0.04204,-0.98968,-0.24538,0.03841,-0.96867,5.457,5.844,sober
1038784201,2024/04/07,423.0,631.0,405.0,643.0,441.0,619.0,-0.13807,0.04101,-0.98957,-0.24467,0.0373,-0.96889,5.465,5.848,sober
1038800856,2024/04/07,414.0,627.0,389.0,652.0,439.0,602.0,-0.14275,0.04416,-0.98877,-0.24515,0.03253,-0.96894,5.473,5.841,sober
1038817511,2024/04/07,416.0,620.0,396.0,641.0,436.0,600.0,-0.14066,0.04099,-0.98921,-0.24581,0.0322,-0.96878,5.477,5.848,sober
1038834165,2024/04/07,415.0,615.0,410.0,637.0,419.0,594.0,-0.13661,0.03991,-0.98982,-0.2505,0.03051,-0.96764,5.477,5.829,sober
1038850820,2024/04/07,412.0,614.0,409.0,636.0,415.0,591.0,-0.13695,0.03976,-0.98978,-0.25147,0.02958,-0.96741,5.482,5.832,sober
1038867475,2024/04/07,389.0,641.0,396.0,657.0,383.0,625.0,-0.14017,0.04619,-0.98905,-0.25991,0.03957,-0.96482,5.485,5.843,sober
1038884129,2024/04/07,361.0,688.0,374.0,710.0,348.0,667.0,-0.14623,0.06189,-0.98731,-0.269,0.05172,-0.96175,5.494,5.853,sober
1038900784,2024/04/07,360.0,696.0,365.0,723.0,355.0,670.0,-0.14891,0.06621,-0.98663,-0.2672,0.05307,-0.96218,5.504,5.866,sober
1038917439,2024/04/07,354.0,691.0,358.0,716.0,351.0,665.0,-0.15125,0.06503,-0.98635,-0.26828,0.0526,-0.96191,5.518,5.874,sober
1038934094,2024/04/07,358.0,685.0,364.0,707.0,351.0,663.0,-0.14956,0.06273,-0.98676,-0.26842,0.05219,-0.96189,5.529,5.888,sober
1038950748,2024/04/07,361.0,676.0,361.0,697.0,362.0,655.0,-0.15076,0.05961,-0.98677,-0.26566,0.04987,-0.96278,5.526,5.892,sober
1038967402,2024/04/07,362.0,668.0,360.0,690.0,363.0,646.0,-0.151,0.057,-0.98689,-0.26526,0.04676,-0.96304,5.517,5.9,sober
1038984057,2024/04/07,363.0,659.0,364.0,679.0,362.0,638.0,-0.14998,0.05299,-0.98727,-0.26559,0.04397,-0.96308,5.526,5.904,sober
1039000711,2024/04/07,357.0,647.0,354.0,663.0,360.0,631.0,-0.15269,0.04779,-0.98712,-0.26601,0.04146,-0.96308,5.568,5.912,sober
1039017366,2024/04/07,358.0,637.0,357.0,650.0,360.0,623.0,-0.15174,0.04401,-0.98744,-0.26588,0.03912,-0.96321,5.58,5.926,sober
1039034021,2024/04/07,361.0,633.0,360.0,650.0,361.0,617.0,-0.15075,0.04403,-0.98759,-0.26546,0.03758,-0.96339,5.569,5.924,sober
1039050675,2024/04/07,360.0,625.0,360.0,641.0,360.0,610.0,-0.15042,0.04179,-0.98774,-0.2657,0.0357,-0.96339,5.583,5.937,sober
1039067330,2024/04/07,359.0,622.0,354.0,637.0,364.0,607.0,-0.1523,0.04062,-0.9875,-0.26484,0.0351,-0.96365,5.573,5.966,sober
1039083985,2024/04/07,360.0,618.0,355.0,632.0,364.0,605.0,-0.15207,0.03917,-0.98759,-0.2648,0.0345,-0.96369,5.578,5.977,sober
1039100638,2024/04/07,361.0,613.0,361.0,628.0,361.0,599.0,-0.1503,0.03785,-0.98792,-0.26573,0.03242,-0.9635,5.584,5.97,sober
1039117293,2024/04/07,362.0,610.0,362.0,624.0,361.0,595.0,-0.15003,0.03652,-0.98801,-0.2659,0.03133,-0.96349,5.593,5.974,sober
1039133948,2024/04/07,365.0,602.0,368.0,625.0,362.0,580.0,-0.14856,0.03701,-0.98821,-0.26581,0.02711,-0.96364,5.606,6.005,sober
1039150602,2024/04/07,364.0,596.0,363.0,620.0,365.0,572.0,-0.15003,0.03601,-0.98803,-0.26504,0.02522,-0.96391,5.609,6.011,sober
1039167257,2024/04/07,360.0,592.0,362.0,614.0,357.0,570.0,-0.15028,0.03507,-0.98802,-0.26711,0.02556,-0.96333,5.595,5.969,sober
1039183912,2024/04/07,362.0,590.0,369.0,606.0,355.0,573.0,-0.14849,0.03334,-0.98835,-0.2678,0.02713,-0.96309,5.604,5.973,sober
1039200567,2024/04/07,360.0,594.0,367.0,608.0,353.0,581.0,-0.14874,0.03413,-0.98829,-0.26818,0.02962,-0.96291,5.609,5.993,sober
1039217221,2024/04/07,356.0,593.0,356.0,609.0,355.0,576.0,-0.15212,0.03417,-0.98777,-0.26764,0.02797,-0.96311,5.618,6.003,sober
1039233876,2024/04/07,351.0,589.0,352.0,602.0,351.0,575.0,-0.15314,0.03166,-0.9877,-0.26877,0.0273,-0.96282,5.637,5.995,sober
1039250531,2024/04/07,353.0,586.0,358.0,600.0,349.0,572.0,-0.15139,0.03086,-0.98799,-0.26924,0.02604,-0.96272,5.647,6.003,sober
1039267185,2024/04/07,353.0,578.0,366.0,591.0,340.0,566.0,-0.14872,0.02792,-0.98848,-0.27164,0.02418,-0.9621,5.654,6.013,sober
1039283840,2024/04/07,354.0,574.0,373.0,584.0,334.0,564.0,-0.14642,0.026,-0.98888,-0.27309,0.02401,-0.96169,5.665,6.021,sober
1039300495,2024/04/07,357.0,573.0,365.0,592.0,348.0,553.0,-0.14886,0.02872,-0.98844,-0.26924,0.02087,-0.96285,5.67,6.051,sober
1039317149,2024/04/07,357.0,563.0,361.0,587.0,354.0,539.0,-0.14998,0.02681,-0.98833,-0.2678,0.01646,-0.96333,5.684,6.061,sober
1039333804,2024/04/07,358.0,549.0,359.0,566.0,357.0,532.0,-0.15066,0.0204,-0.98838,-0.267,0.01407,-0.9636,5.706,6.063,sober
1039350459,2024/04/07,361.0,545.0,364.0,564.0,358.0,525.0,-0.14905,0.0194,-0.98864,-0.2667,0.01193,-0.9637,5.71,6.069,sober
1039367113,2024/04/07,364.0,553.0,367.0,574.0,362.0,531.0,-0.14812,0.02223,-0.98872,-0.26569,0.01364,-0.96396,5.702,6.079,sober
1039383768,2024/04/07,363.0,543.0,365.0,557.0,362.0,529.0,-0.14879,0.01758,-0.98871,-0.2657,0.01321,-0.96397,5.71,6.081,sober
1039400423,2024/04/07,362.0,530.0,372.0,540.0,352.0,520.0,-0.14658,0.01292,-0.98911,-0.26828,0.01101,-0.96328,5.708,6.067,sober
1039417077,2024/04/07,365.0,526.0,373.0,543.0,356.0,509.0,-0.14618,0.01442,-0.98915,-0.26718,0.00837,-0.96361,5.714,6.064,sober
1039433732,2024/04/07,358.0,526.0,368.0,559.0,349.0,493.0,-0.14791,0.01959,-0.98881,-0.26911,0.0041,-0.9631,5.717,6.053,sober
1039450387,2024/04/07,357.0,520.0,370.0,546.0,344.0,494.0,-0.14716,0.01576,-0.98899,-0.27049,0.00441,-0.96271,5.713,6.039,sober
1039467042,2024/04/07,356.0,521.0,369.0,545.0,344.0,497.0,-0.14754,0.01521,-0.98894,-0.27084,0.00499,-0.96261,5.707,6.035,sober
1039483696,2024/04/07,357.0,519.0,372.0,548.0,342.0,491.0,-0.14688,0.01573,-0.98903,-0.27139,0.00311,-0.96246,5.698,6.034,sober
1039500350,2024/04/07,357.0,520.0,367.0,540.0,347.0,500.0,-0.14865,0.01332,-0.9888,-0.27033,0.00541,-0.96275,5.704,6.039,sober
1039517005,2024/04/07,356.0,524.0,362.0,546.0,351.0,502.0,-0.15027,0.01503,-0.98853,-0.26929,0.00603,-0.96304,5.699,6.021,sober
1039533659,2024/04/07,365.0,519.0,372.0,544.0,358.0,493.0,-0.14739,0.01429,-0.98897,-0.26754,0.00343,-0.96354,5.679,6.01,sober
1039550314,2024/04/07,367.0,513.0,378.0,536.0,357.0,491.0,-0.14579,0.01187,-0.98924,-0.26787,0.00256,-0.96345,5.672,5.998,sober
1039566969,2024/04/07,369.0,517.0,380.0,547.0,358.0,487.0,-0.14528,0.01452,-0.98928,-0.26789,0.00086,-0.96345,5.677,5.982,sober
1039583623,2024/04/07,372.0,515.0,383.0,546.0,362.0,483.0,-0.14456,0.01379,-0.9894,-0.26688,-0.00061,-0.96373,5.678,5.983,sober
1039600277,2024/04/07,366.0,508.0,376.0,534.0,357.0,482.0,-0.14696,0.00978,-0.98909,-0.26854,-0.00152,-0.96327,5.69,5.983,sober
1039616932,2024/04/07,367.0,511.0,374.0,536.0,361.0,485.0,-0.14783,0.01,-0.98896,-0.26759,-0.00094,-0.96353,5.689,5.982,sober
1039633586,2024/04/07,374.0,509.0,379.0,541.0,368.0,476.0,-0.14626,0.01176,-0.98918,-0.26586,-0.00369,-0.964,5.703,5.977,sober
1039650241,2024/04/07,372.0,509.0,381.0,535.0,364.0,482.0,-0.14607,0.01015,-0.98922,-0.26709,-0.00162,-0.96367,5.699,5.958,sober
1039666896,2024/04/07,375.0,502.0,389.0,520.0,361.0,485.0,-0.14358,0.00609,-0.98962,-0.26796,-0.00045,-0.96343,5.657,5.949,sober
1039683550,2024/04/07,378.0,499.0,387.0,524.0,368.0,474.0,-0.14416,0.00728,-0.98953,-0.2659,-0.00344,-0.964,5.663,5.961,sober
1039700205,2024/04/07,376.0,498.0,373.0,519.0,379.0,478.0,-0.14831,0.00587,-0.98892,-0.26287,-0.00204,-0.96483,5.695,5.972,sober
1039716860,2024/04/07,378.0,496.0,375.0,515.0,380.0,477.0,-0.14761,0.00454,-0.98904,-0.26243,-0.00239,-0.96495,5.697,5.979,sober
1039733515,2024/04/07,377.0,497.0,377.0,523.0,377.0,471.0,-0.14675,0.00702,-0.98915,-0.26311,-0.00415,-0.96476,5.69,5.968,sober
1039750169,2024/04/07,379.0,492.0,383.0,520.0,375.0,463.0,-0.14493,0.00613,-0.98942,-0.26379,-0.00633,-0.96456,5.688,5.962,sober
1039766824,2024/04/07,384.0,483.0,396.0,514.0,372.0,452.0,-0.14119,0.00443,-0.98997,-0.26445,-0.00949,-0.96435,5.683,5.968,sober
1039783479,2024/04/07,379.0,482.0,384.0,510.0,373.0,454.0,-0.14441,0.00379,-0.98951,-0.26397,-0.00833,-0.96449,5.679,5.977,sober
1039800133,2024/04/07,377.0,489.0,371.0,518.0,383.0,459.0,-0.14858,0.00607,-0.98888,-0.26149,-0.00677,-0.96518,5.687,5.982,sober
1039816788,2024/04/07,382.0,485.0,380.0,516.0,384.0,454.0,-0.14579,0.00529,-0.9893,-0.26101,-0.0085,-0.9653,5.688,5.98,sober
1039833443,2024/04/07,382.0,481.0,384.0,509.0,381.0,452.0,-0.14505,0.00245,-0.98942,-0.26233,-0.00985,-0.96493,5.685,5.992,sober
1039850097,2024/04/07,380.0,475.0,382.0,494.0,379.0,456.0,-0.14581,-0.00249,-0.98931,-0.2631,-0.00913,-0.96473,5.681,5.99,sober
1039866752,2024/04/07,380.0,473.0,388.0,488.0,372.0,457.0,-0.14436,-0.00421,-0.98952,-0.26546,-0.00894,-0.96408,5.68,5.978,sober
1039883407,2024/04/07,380.0,469.0,383.0,488.0,377.0,450.0,-0.14625,-0.00414,-0.98924,-0.26442,-0.01113,-0.96434,5.667,5.98,sober
1039900061,2024/04/07,387.0,470.0,382.0,487.0,392.0,453.0,-0.14666,-0.00423,-0.98918,-0.26047,-0.01005,-0.96543,5.656,5.972,sober
1039916716,2024/04/07,387.0,465.0,383.0,480.0,392.0,450.0,-0.14665,-0.00602,-0.98917,-0.26067,-0.01066,-0.96537,5.643,5.967,sober
1039933371,2024/04/07,397.0,453.0,392.0,476.0,401.0,431.0,-0.1438,-0.00715,-0.98958,-0.25772,-0.01626,-0.96608,5.661,5.969,sober
1039950025,2024/04/07,396.0,453.0,394.0,474.0,398.0,431.0,-0.14292,-0.00755,-0.98971,-0.25841,-0.01606,-0.9659,5.658,5.963,sober
1039966679,2024/04/07,382.0,462.0,393.0,480.0,370.0,445.0,-0.14301,-0.00552,-0.98971,-0.26592,-0.01171,-0.96392,5.643,5.95,sober
1039983334,2024/04/07,382.0,457.0,392.0,477.0,373.0,437.0,-0.14339,-0.00604,-0.98965,-0.26518,-0.01364,-0.9641,5.642,5.955,sober
1039999989,2024/04/07,387.0,449.0,389.0,466.0,385.0,431.0,-0.14403,-0.00909,-0.98953,-0.26166,-0.01487,-0.96504,5.619,5.968,sober
1040016643,2024/04/07,385.0,446.0,390.0,461.0,381.0,431.0,-0.14367,-0.00972,-0.98958,-0.26281,-0.01428,-0.96474,5.615,5.964,sober
1040033298,2024/04/07,382.0,443.0,387.0,464.0,377.0,422.0,-0.14451,-0.0087,-0.98946,-0.26375,-0.0167,-0.96445,5.647,5.954,sober
1040049953,2024/04/07,380.0,443.0,387.0,463.0,373.0,423.0,-0.14437,-0.00911,-0.98948,-0.26473,-0.01649,-0.96418,5.653,5.954,sober
1040066607,2024/04/07,374.0,444.0,381.0,460.0,367.0,428.0,-0.14615,-0.01066,-0.98921,-0.26643,-0.01579,-0.96372,5.643,5.948,sober
1040083262,2024/04/07,375.0,438.0,381.0,454.0,368.0,422.0,-0.14613,-0.01316,-0.98918,-0.26604,-0.01813,-0.96379,5.642,5.947,sober
1040099917,2024/04/07,379.0,429.0,383.0,448.0,375.0,411.0,-0.1455,-0.0153,-0.98924,-0.26419,-0.02171,-0.96423,5.615,5.956,sober
1040116571,2024/04/07,382.0,425.0,384.0,438.0,381.0,413.0,-0.14542,-0.01847,-0.9892,-0.26278,-0.02126,-0.96462,5.621,5.948,sober
1040133226,2024/04/07,385.0,429.0,385.0,438.0,385.0,419.0,-0.14523,-0.01814,-0.98923,-0.26147,-0.0191,-0.96502,5.627,5.946,sober
1040149881,2024/04/07,383.0,419.0,380.0,424.0,385.0,414.0,-0.14652,-0.02223,-0.98896,-0.26155,-0.02052,-0.96497,5.64,5.948,sober
1040166534,2024/04/07,380.0,418.0,380.0,427.0,379.0,409.0,-0.14649,-0.02144,-0.98898,-0.26319,-0.0222,-0.96449,5.646,5.927,sober
1040183189,2024/04/07,382.0,423.0,385.0,440.0,380.0,406.0,-0.14507,-0.01811,-0.98926,-0.26297,-0.02344,-0.96452,5.622,5.925,sober
1040199844,2024/04/07,391.0,429.0,395.0,438.0,387.0,420.0,-0.14219,-0.01912,-0.98965,-0.26101,-0.01976,-0.96514,5.634,5.96,sober
1040216498,2024/04/07,390.0,428.0,396.0,436.0,385.0,420.0,-0.14181,-0.01975,-0.9897,-0.26179,-0.02004,-0.96492,5.631,5.957,sober
1040233153,2024/04/07,387.0,422.0,395.0,441.0,379.0,402.0,-0.14221,-0.01812,-0.98967,-0.26316,-0.02504,-0.96443,5.608,5.927,sober
1040249808,2024/04/07,391.0,418.0,396.0,436.0,385.0,399.0,-0.14171,-0.01952,-0.98972,-0.26156,-0.02568,-0.96485,5.601,5.92,sober
1040266463,2024/04/07,386.0,418.0,383.0,434.0,389.0,402.0,-0.14569,-0.02017,-0.98912,-0.26066,-0.02497,-0.96511,5.598,5.918,sober
1040283117,2024/04/07,386.0,418.0,381.0,434.0,391.0,401.0,-0.14643,-0.0203,-0.98901,-0.26011,-0.02562,-0.96524,5.591,5.916,sober
1040299772,2024/04/07,384.0,423.0,380.0,430.0,389.0,415.0,-0.14683,-0.02201,-0.98892,-0.26083,-0.02198,-0.96513,5.604,5.932,sober
1040316427,2024/04/07,383.0,422.0,381.0,428.0,385.0,416.0,-0.14649,-0.023,-0.98895,-0.26195,-0.02206,-0.96483,5.592,5.925,sober
1040333081,2024/04/07,387.0,408.0,388.0,422.0,386.0,394.0,-0.14445,-0.02516,-0.98919,-0.2617,-0.0288,-0.96472,5.564,5.897,sober
1040349736,2024/04/07,385.0,403.0,388.0,415.0,382.0,391.0,-0.1446,-0.027,-0.98912,-0.2628,-0.02949,-0.9644,5.55,5.89,sober
1040366391,2024/04/07,391.0,398.0,395.0,415.0,388.0,380.0,-0.14274,-0.02666,-0.9894,-0.26145,-0.03235,-0.96467,5.538,5.901,sober
1040383045,2024/04/07,393.0,392.0,391.0,412.0,396.0,372.0,-0.14395,-0.0272,-0.98921,-0.25925,-0.0344,-0.9652,5.527,5.891,sober
1040399700,2024/04/07,394.0,393.0,388.0,402.0,400.0,383.0,-0.14472,-0.03018,-0.98901,-0.25801,-0.03104,-0.96564,5.519,5.874,sober
1040416355,2024/04/07,394.0,386.0,385.0,397.0,403.0,374.0,-0.14572,-0.03136,-0.98883,-0.25713,-0.03366,-0.96579,5.508,5.864,sober
1040433008,2024/04/07,387.0,375.0,374.0,395.0,400.0,354.0,-0.14908,-0.03228,-0.9883,-0.25821,-0.03974,-0.96527,5.52,5.883,sober
1040449663,2024/04/07,421.0,444.0,419.0,464.0,423.0,425.0,-0.1361,-0.01187,-0.99062,-0.25203,-0.0191,-0.96753,5.5,5.85,sober
1040466318,2024/04/07,444.0,569.0,446.0,562.0,443.0,577.0,-0.12801,0.01742,-0.99162,-0.24668,0.02529,-0.96877,5.481,5.82,sober
1040482972,2024/04/07,447.0,723.0,457.0,739.0,437.0,707.0,-0.12485,0.07056,-0.98966,-0.24813,0.06329,-0.96666,5.46,5.815,sober
1040499627,2024/04/07,425.0,772.0,431.0,783.0,419.0,760.0,-0.13239,0.08394,-0.98764,-0.25282,0.07896,-0.96429,5.458,5.809,sober
1040516282,2024/04/07,411.0,807.0,412.0,824.0,411.0,789.0,-0.13811,0.09618,-0.98574,-0.25483,0.08729,-0.96304,5.491,5.839,sober
1040532937,2024/04/07,419.0,819.0,418.0,839.0,419.0,799.0,-0.13622,0.10039,-0.98558,-0.2524,0.09015,-0.96342,5.512,5.876,sober
1040549591,2024/04/07,407.0,819.0,404.0,834.0,410.0,803.0,-0.14018,0.09873,-0.98519,-0.25469,0.0912,-0.96271,5.535,5.885,sober
1040566246,2024/04/07,393.0,836.0,400.0,839.0,386.0,832.0,-0.1413,0.10013,-0.98489,-0.26134,0.09932,-0.96012,5.53,5.847,sober
1040582901,2024/04/07,393.0,832.0,395.0,840.0,390.0,823.0,-0.14287,0.10021,-0.98465,-0.26023,0.09658,-0.9607,5.53,5.86,sober
1040599555,2024/04/07,403.0,824.0,400.0,830.0,406.0,818.0,-0.14174,0.09714,-0.98513,-0.25614,0.09505,-0.96195,5.534,5.869,sober
1040616210,2024/04/07,409.0,827.0,406.0,831.0,413.0,822.0,-0.13999,0.09774,-0.98532,-0.25451,0.09655,-0.96224,5.535,5.874,sober
1040632865,2024/04/07,409.0,823.0,405.0,836.0,412.0,811.0,-0.14057,0.09942,-0.98507,-0.25509,0.09317,-0.96242,5.534,5.892,sober
1040649519,2024/04/07,401.0,818.0,397.0,838.0,405.0,799.0,-0.14328,0.09986,-0.98463,-0.25739,0.0898,-0.96213,5.537,5.903,sober
1040666174,2024/04/07,411.0,814.0,402.0,836.0,420.0,792.0,-0.14196,0.0993,-0.98488,-0.25339,0.08775,-0.96338,5.544,5.904,sober
1040682829,2024/04/07,414.0,807.0,401.0,823.0,428.0,792.0,-0.14239,0.09503,-0.98524,-0.25116,0.08738,-0.96399,5.54,5.905,sober
1040699483,2024/04/07,404.0,801.0,385.0,817.0,423.0,784.0,-0.14714,0.09327,-0.98471,-0.25252,0.08499,-0.96385,5.536,5.918,sober
1040716138,2024/04/07,404.0,792.0,397.0,804.0,411.0,780.0,-0.14357,0.08913,-0.98562,-0.25589,0.08348,-0.96309,5.535,5.925,sober
1040732793,2024/04/07,415.0,788.0,413.0,799.0,416.0,777.0,-0.13873,0.08774,-0.98644,-0.25448,0.08259,-0.96355,5.545,5.912,sober
1040749447,2024/04/07,413.0,786.0,414.0,799.0,412.0,773.0,-0.13835,0.08813,-0.98645,-0.25562,0.08184,-0.96331,5.546,5.91,sober
1040766102,2024/04/07,415.0,785.0,419.0,801.0,411.0,769.0,-0.13642,0.08895,-0.98665,-0.25549,0.08082,-0.96343,5.546,5.919,sober
1040782756,2024/04/07,416.0,777.0,414.0,792.0,419.0,762.0,-0.13784,0.0862,-0.9867,-0.25332,0.07892,-0.96416,5.558,5.928,sober
1040799411,2024/04/07,408.0,771.0,405.0,779.0,410.0,763.0,-0.14054,0.08217,-0.98666,-0.25557,0.0794,-0.96352,5.56,5.932,sober
1040816065,2024/04/07,408.0,768.0,411.0,774.0,406.0,763.0,-0.13869,0.08072,-0.98704,-0.25677,0.07904,-0.96323,5.573,5.926,sober
1040832720,2024/04/07,407.0,758.0,410.0,763.0,403.0,753.0,-0.13883,0.07704,-0.98731,-0.25763,0.0761,-0.96324,5.582,5.939,sober
1040849375,2024/04/07,416.0,746.0,422.0,749.0,409.0,743.0,-0.13523,0.07306,-0.98812,-0.25599,0.07309,-0.96391,5.604,5.944,sober
1040866029,2024/04/07,426.0,736.0,433.0,742.0,419.0,730.0,-0.13214,0.0711,-0.98868,-0.25312,0.0697,-0.96492,5.602,5.942,sober
1040882684,2024/04/07,424.0,718.0,421.0,724.0,427.0,713.0,-0.1356,0.06594,-0.98857,-0.25102,0.06501,-0.9658,5.605,5.958,sober
1040899339,2024/04/07,427.0,702.0,425.0,713.0,429.0,691.0,-0.13431,0.06309,-0.98893,-0.2505,0.05865,-0.96634,5.625,5.969,sober
1040915993,2024/04/07,423.0,688.0,420.0,698.0,426.0,678.0,-0.13571,0.05842,-0.98903,-0.25121,0.05506,-0.96637,5.644,5.973,sober
1040932648,2024/04/07,407.0,689.0,414.0,696.0,401.0,682.0,-0.1375,0.05794,-0.98881,-0.25804,0.05599,-0.96451,5.636,5.972,sober
1040949303,2024/04/07,404.0,676.0,417.0,684.0,391.0,669.0,-0.13657,0.05385,-0.98917,-0.26062,0.05206,-0.96404,5.642,5.99,sober
1040965957,2024/04/07,409.0,669.0,424.0,682.0,394.0,656.0,-0.13427,0.05323,-0.98951,-0.25991,0.04804,-0.96444,5.661,6.0,sober
1040982611,2024/04/07,409.0,664.0,427.0,675.0,392.0,653.0,-0.13317,0.0512,-0.98977,-0.26035,0.04725,-0.96436,5.668,6.005,sober
1040999266,2024/04/07,403.0,660.0,420.0,665.0,386.0,655.0,-0.13516,0.04834,-0.98964,-0.26185,0.04806,-0.96391,5.657,6.01,sober
1041015920,2024/04/07,408.0,659.0,426.0,659.0,389.0,658.0,-0.13329,0.04649,-0.98999,-0.261,0.04905,-0.96409,5.662,6.007,sober
1041032575,2024/04/07,409.0,660.0,425.0,660.0,393.0,660.0,-0.13396,0.04671,-0.98989,-0.26009,0.04963,-0.96431,5.667,6.012,sober
1041049230,2024/04/07,376.0,671.0,385.0,678.0,367.0,665.0,-0.14608,0.05136,-0.98794,-0.26733,0.05047,-0.96228,5.666,6.02,sober
1041065885,2024/04/07,368.0,686.0,368.0,694.0,368.0,679.0,-0.15126,0.0557,-0.98692,-0.26751,0.05412,-0.96203,5.653,6.027,sober
1041082539,2024/04/07,377.0,689.0,385.0,694.0,369.0,684.0,-0.1464,0.05588,-0.98765,-0.26705,0.05572,-0.96207,5.643,6.015,sober
1041099194,2024/04/07,377.0,677.0,382.0,683.0,372.0,671.0,-0.14725,0.05278,-0.98769,-0.26655,0.05192,-0.96242,5.668,6.009,sober
1041115849,2024/04/07,372.0,679.0,367.0,691.0,376.0,667.0,-0.15188,0.05533,-0.98685,-0.26532,0.05105,-0.96281,5.675,6.009,sober
1041132503,2024/04/07,372.0,690.0,377.0,694.0,366.0,687.0,-0.14884,0.05666,-0.98724,-0.26813,0.05726,-0.96168,5.662,5.995,sober
1041149158,2024/04/07,375.0,686.0,387.0,684.0,363.0,687.0,-0.14628,0.05386,-0.98778,-0.26906,0.05735,-0.96142,5.665,5.994,sober
1041165813,2024/04/07,374.0,670.0,379.0,686.0,369.0,654.0,-0.14858,0.05446,-0.9874,-0.26761,0.04751,-0.96235,5.667,5.986,sober
1041182467,2024/04/07,375.0,668.0,384.0,681.0,367.0,655.0,-0.14727,0.053,-0.98767,-0.26825,0.04774,-0.96217,5.665,5.983,sober
1041199122,2024/04/07,373.0,681.0,384.0,689.0,362.0,673.0,-0.14705,0.05524,-0.98759,-0.2695,0.05302,-0.96154,5.674,5.998,sober
1041215777,2024/04/07,366.0,680.0,371.0,691.0,361.0,670.0,-0.151,0.05586,-0.98695,-0.26976,0.05206,-0.96152,5.678,5.996,sober
1041232431,2024/04/07,362.0,678.0,369.0,690.0,356.0,667.0,-0.15132,0.05566,-0.98692,-0.271,0.05125,-0.96121,5.673,5.983,sober
1041249086,2024/04/07,363.0,679.0,372.0,693.0,353.0,665.0,-0.15039,0.05681,-0.98699,-0.27161,0.05092,-0.96106,5.671,5.982,sober
1041265741,2024/04/07,373.0,669.0,380.0,688.0,366.0,650.0,-0.14782,0.05548,-0.98746,-0.26809,0.04659,-0.96227,5.65,6.011,sober
1041282395,2024/04/07,374.0,669.0,385.0,687.0,363.0,650.0,-0.14632,0.05528,-0.98769,-0.26866,0.04661,-0.96211,5.647,6.007,sober
1041299050,2024/04/07,370.0,666.0,380.0,680.0,361.0,652.0,-0.14758,0.05313,-0.98762,-0.26916,0.04722,-0.96194,5.662,5.98,sober
1041315705,2024/04/07,367.0,672.0,374.0,687.0,360.0,657.0,-0.14926,0.05497,-0.98727,-0.26907,0.0484,-0.9619,5.666,5.97,sober
1041332359,2024/04/07,350.0,690.0,374.0,703.0,327.0,676.0,-0.14942,0.05896,-0.98701,-0.27806,0.05307,-0.9591,5.628,5.932,sober
1041349013,2024/04/07,331.0,1091.0,376.0,1096.0,285.0,1085.0,-0.14677,0.17456,-0.97365,-0.28557,0.16943,-0.94326,5.618,5.925,sober
1041365668,2024/04/07,347.0,1063.0,374.0,1077.0,320.0,1048.0,-0.14782,0.16903,-0.97446,-0.27704,0.15951,-0.94753,5.659,5.955,sober
1041382323,2024/04/07,349.0,1040.0,366.0,1053.0,333.0,1027.0,-0.15017,0.1621,-0.97528,-0.27378,0.15401,-0.94938,5.64,5.933,sober
1041398977,2024/04/07,355.0,1051.0,370.0,1057.0,340.0,1044.0,-0.14904,0.1632,-0.97527,-0.27158,0.15887,-0.94921,5.62,5.927,sober
1041415632,2024/04/07,354.0,1054.0,371.0,1060.0,337.0,1048.0,-0.14875,0.16396,-0.97519,-0.27236,0.1598,-0.94883,5.613,5.922,sober
1041432287,2024/04/07,349.0,1050.0,363.0,1057.0,334.0,1043.0,-0.1511,0.16283,-0.97502,-0.27303,0.15819,-0.94891,5.606,5.903,sober
1041448941,2024/04/07,357.0,1022.0,366.0,1028.0,347.0,1016.0,-0.15027,0.15451,-0.9765,-0.2698,0.15069,-0.95105,5.599,5.889,sober
1041465596,2024/04/07,356.0,1007.0,380.0,1011.0,331.0,1003.0,-0.14629,0.14975,-0.97784,-0.2742,0.14697,-0.95038,5.598,5.857,sober
1041482251,2024/04/07,351.0,1009.0,378.0,1012.0,325.0,1007.0,-0.14693,0.15013,-0.97769,-0.27578,0.14794,-0.94977,5.588,5.851,sober
1041498905,2024/04/07,354.0,1011.0,373.0,1020.0,335.0,1001.0,-0.14835,0.15264,-0.97708,-0.27324,0.14643,-0.95074,5.598,5.877,sober
1041515560,2024/04/07,358.0,1010.0,375.0,1017.0,342.0,1003.0,-0.14789,0.15164,-0.97731,-0.2715,0.1472,-0.95112,5.595,5.87,sober
1041532215,2024/04/07,361.0,1007.0,374.0,1011.0,348.0,1003.0,-0.14835,0.1499,-0.97751,-0.26983,0.14723,-0.95159,5.576,5.856,sober
1041548868,2024/04/07,368.0,994.0,384.0,995.0,353.0,992.0,-0.14546,0.14504,-0.97867,-0.26874,0.14385,-0.95241,5.555,5.849,sober
1041565523,2024/04/07,370.0,985.0,384.0,994.0,356.0,976.0,-0.14574,0.14451,-0.97871,-0.26826,0.13901,-0.95326,5.557,5.852,sober
1041582178,2024/04/07,365.0,978.0,384.0,982.0,345.0,974.0,-0.14593,0.14088,-0.97921,-0.27146,0.13842,-0.95245,5.551,5.856,sober
1041598833,2024/04/07,370.0,970.0,387.0,972.0,353.0,968.0,-0.14521,0.13819,-0.9797,-0.26933,0.13686,-0.95327,5.525,5.835,sober
1041615487,2024/04/07,374.0,969.0,388.0,977.0,361.0,961.0,-0.14475,0.13955,-0.97958,-0.26722,0.13491,-0.95414,5.512,5.822,sober
1041632142,2024/04/07,378.0,966.0,401.0,969.0,355.0,964.0,-0.14063,0.13736,-0.98049,-0.26853,0.13575,-0.95366,5.52,5.795,sober
1041648797,2024/04/07,371.0,958.0,386.0,960.0,357.0,956.0,-0.14504,0.13461,-0.98023,-0.26784,0.13361,-0.95415,5.507,5.787,sober
1041665451,2024/04/07,371.0,958.0,384.0,964.0,359.0,951.0,-0.1453,0.13587,-0.98001,-0.26735,0.13224,-0.95448,5.515,5.812,sober
1041682106,2024/04/07,368.0,957.0,383.0,963.0,353.0,951.0,-0.14572,0.1354,-0.98002,-0.2689,0.13192,-0.95409,5.51,5.808,sober
1041698761,2024/04/07,354.0,945.0,366.0,951.0,343.0,939.0,-0.15076,0.13192,-0.97973,-0.27164,0.1286,-0.95377,5.48,5.794,sober
1041715415,2024/04/07,356.0,943.0,364.0,950.0,347.0,935.0,-0.15108,0.13204,-0.97966,-0.27052,0.12783,-0.95419,5.472,5.79,sober
1041732070,2024/04/07,383.0,952.0,385.0,955.0,382.0,949.0,-0.14542,0.13349,-0.98032,-0.26133,0.13218,-0.95616,5.485,5.818,sober
1041748725,2024/04/07,552.0,953.0,568.0,949.0,535.0,957.0,-0.09085,0.13309,-0.98693,-0.21836,0.13642,-0.96629,5.479,5.807,sober
1041765379,2024/04/07,696.0,949.0,688.0,949.0,704.0,948.0,-0.05545,0.13391,-0.98944,-0.17075,0.13536,-0.97597,5.482,5.792,sober
1041782033,2024/04/07,755.0,949.0,757.0,956.0,753.0,941.0,-0.03496,0.13596,-0.9901,-0.15714,0.13325,-0.97854,5.517,5.823,sober
1041798688,2024/04/07,744.0,952.0,756.0,951.0,731.0,952.0,-0.03521,0.13429,-0.99032,-0.16344,0.13627,-0.9771,5.53,5.812,sober
1041815342,2024/04/07,742.0,954.0,761.0,955.0,724.0,953.0,-0.03388,0.13529,-0.99023,-0.16541,0.13651,-0.97673,5.517,5.804,sober
1041831997,2024/04/07,730.0,941.0,753.0,951.0,707.0,930.0,-0.03603,0.13459,-0.99025,-0.17039,0.1299,-0.97678,5.523,5.85,sober
1041848652,2024/04/07,733.0,929.0,753.0,938.0,713.0,919.0,-0.03605,0.13095,-0.99073,-0.1689,0.12684,-0.97744,5.523,5.859,sober
1041865307,2024/04/07,752.0,924.0,758.0,923.0,746.0,924.0,-0.03461,0.1267,-0.99134,-0.1593,0.1288,-0.97879,5.52,5.832,sober
1041881961,2024/04/07,756.0,910.0,763.0,905.0,749.0,915.0,-0.0332,0.12155,-0.99203,-0.15822,0.1264,-0.97928,5.539,5.842,sober
1041898616,2024/04/07,748.0,899.0,754.0,904.0,742.0,893.0,-0.03573,0.12131,-0.99197,-0.16047,0.11983,-0.97974,5.55,5.849,sober
1041915271,2024/04/07,745.0,872.0,752.0,878.0,738.0,865.0,-0.03638,0.11344,-0.99288,-0.16194,0.1115,-0.98048,5.553,5.859,sober
1041931925,2024/04/07,745.0,849.0,758.0,863.0,732.0,835.0,-0.03477,0.10899,-0.99343,-0.16388,0.10244,-0.98115,5.571,5.855,sober
1041948580,2024/04/07,745.0,829.0,754.0,841.0,736.0,818.0,-0.03586,0.10227,-0.99411,-0.16272,0.09745,-0.98185,5.575,5.862,sober
1041965235,2024/04/07,747.0,822.0,755.0,837.0,740.0,806.0,-0.03571,0.10132,-0.99421,-0.16175,0.09416,-0.98233,5.552,5.882,sober
1041981889,2024/04/07,744.0,819.0,753.0,838.0,735.0,801.0,-0.0361,0.10169,-0.99416,-0.16325,0.09277,-0.98221,5.547,5.888,sober
1041998544,2024/04/07,745.0,813.0,744.0,833.0,746.0,792.0,-0.03865,0.10035,-0.9942,-0.15997,0.09028,-0.98299,5.565,5.903,sober
1042015199,2024/04/07,747.0,812.0,750.0,834.0,744.0,791.0,-0.03669,0.10055,-0.99426,-0.16046,0.08983,-0.98295,5.586,5.909,sober
1042031853,2024/04/07,748.0,812.0,762.0,825.0,734.0,800.0,-0.03312,0.0978,-0.99465,-0.16313,0.09227,-0.98228,5.575,5.903,sober
1042048508,2024/04/07,742.0,806.0,754.0,812.0,730.0,799.0,-0.03536,0.09384,-0.99496,-0.16402,0.09203,-0.98215,5.558,5.909,sober
1042065163,2024/04/07,718.0,799.0,738.0,808.0,698.0,789.0,-0.03976,0.09274,-0.9949,-0.17335,0.08915,-0.98082,5.568,5.915,sober
1042081817,2024/04/07,706.0,782.0,728.0,792.0,684.0,772.0,-0.04281,0.08813,-0.99519,-0.17705,0.08429,-0.98059,5.573,5.926,sober
1042098471,2024/04/07,707.0,776.0,723.0,793.0,690.0,759.0,-0.04422,0.0883,-0.99511,-0.17562,0.08047,-0.98116,5.571,5.941,sober
1042115126,2024/04/07,703.0,774.0,720.0,790.0,686.0,757.0,-0.04519,0.08744,-0.99514,-0.17697,0.07999,-0.98096,5.562,5.941,sober
1042131781,2024/04/07,710.0,776.0,733.0,783.0,686.0,768.0,-0.04141,0.08523,-0.9955,-0.17681,0.08313,-0.98073,5.547,5.941,sober
1042148435,2024/04/07,713.0,775.0,737.0,782.0,690.0,768.0,-0.04033,0.08474,-0.99559,-0.17578,0.08288,-0.98093,5.542,5.94,sober
1042165090,2024/04/07,713.0,760.0,727.0,777.0,699.0,742.0,-0.04318,0.08329,-0.99559,-0.17334,0.07522,-0.98198,5.559,5.939,sober
1042181745,2024/04/07,700.0,744.0,709.0,762.0,691.0,725.0,-0.04876,0.07871,-0.9957,-0.17578,0.07027,-0.98192,5.564,5.941,sober
1042198399,2024/04/07,694.0,739.0,713.0,755.0,675.0,723.0,-0.04772,0.07651,-0.99593,-0.1803,0.06947,-0.98116,5.57,5.954,sober
1042215054,2024/04/07,692.0,734.0,709.0,751.0,674.0,717.0,-0.04877,0.07546,-0.99596,-0.18072,0.06795,-0.98119,5.575,5.964,sober
1042231708,2024/04/07,696.0,735.0,706.0,757.0,686.0,714.0,-0.04968,0.07736,-0.99577,-0.17732,0.06716,-0.98186,5.57,5.976,sober
1042248362,2024/04/07,695.0,731.0,707.0,752.0,683.0,710.0,-0.04941,0.07587,-0.99589,-0.1782,0.06588,-0.98179,5.572,5.983,sober
1042265017,2024/04/07,690.0,714.0,703.0,731.0,677.0,697.0,-0.05068,0.06962,-0.99629,-0.17985,0.06182,-0.98175,5.589,5.984,sober
1042281672,2024/04/07,688.0,703.0,707.0,718.0,669.0,688.0,-0.04941,0.06547,-0.99663,-0.18215,0.05907,-0.98149,5.597,5.994,sober
1042298326,2024/04/07,684.0,704.0,705.0,722.0,662.0,686.0,-0.04972,0.06668,-0.99654,-0.18399,0.05845,-0.98119,5.599,6.005,sober
1042314981,2024/04/07,685.0,704.0,702.0,726.0,668.0,683.0,-0.05079,0.06786,-0.9964,-0.18219,0.05749,-0.98158,5.607,6.013,sober
1042331636,2024/04/07,684.0,697.0,696.0,719.0,671.0,675.0,-0.05239,0.06551,-0.99648,-0.18141,0.05511,-0.98186,5.606,6.016,sober
1042348290,2024/04/07,723.0,677.0,699.0,714.0,746.0,640.0,-0.05159,0.06367,-0.99664,-0.1598,0.0443,-0.98616,5.602,6.022,sober
1042364945,2024/04/07,730.0,684.0,709.0,724.0,750.0,643.0,-0.04913,0.0663,-0.99659,-0.15895,0.04474,-0.98627,5.596,6.01,sober
1042381600,2024/04/07,704.0,708.0,721.0,728.0,688.0,687.0,-0.04602,0.06717,-0.99668,-0.17766,0.05765,-0.9824,5.568,5.986,sober
1042398255,2024/04/07,723.0,724.0,728.0,739.0,719.0,708.0,-0.04437,0.07011,-0.99655,-0.16888,0.0637,-0.98358,5.537,5.967,sober
1042414909,2024/04/07,740.0,744.0,738.0,765.0,741.0,724.0,-0.04146,0.07777,-0.99611,-0.16252,0.06816,-0.98435,5.521,5.956,sober
1042431564,2024/04/07,738.0,764.0,742.0,776.0,735.0,752.0,-0.04052,0.08118,-0.99588,-0.16446,0.0765,-0.98341,5.53,5.949,sober
1042448219,2024/04/07,741.0,765.0,746.0,775.0,737.0,755.0,-0.0395,0.081,-0.99593,-0.16392,0.07738,-0.98343,5.527,5.943,sober
1042464873,2024/04/07,740.0,750.0,743.0,774.0,738.0,726.0,-0.04049,0.08039,-0.99594,-0.16402,0.06837,-0.98408,5.52,5.948,sober
1042481528,2024/04/07,738.0,753.0,739.0,778.0,737.0,728.0,-0.04199,0.0817,-0.99577,-0.1643,0.06885,-0.984,5.507,5.942,sober
1042498183,2024/04/07,742.0,761.0,745.0,776.0,740.0,747.0,-0.04048,0.08084,-0.9959,-0.16342,0.07433,-0.98375,5.52,5.927,sober
1042514837,2024/04/07,741.0,760.0,741.0,774.0,741.0,747.0,-0.04165,0.07986,-0.99594,-0.16338,0.07403,-0.98378,5.518,5.922,sober
1042531492,2024/04/07,734.0,759.0,733.0,766.0,734.0,753.0,-0.04467,0.07739,-0.996,-0.16586,0.07553,-0.98325,5.51,5.89,sober
1042548147,2024/04/07,738.0,758.0,733.0,770.0,742.0,745.0,-0.04447,0.07799,-0.99596,-0.1634,0.07263,-0.98388,5.512,5.883,sober
1042564801,2024/04/07,740.0,764.0,737.0,784.0,742.0,745.0,-0.04318,0.082,-0.9957,-0.1636,0.07261,-0.98385,5.488,5.883,sober
1042581456,2024/04/07,738.0,780.0,738.0,780.0,nan,nan,-0.04274,0.08019,-0.99586,nan,nan,nan,5.488,nan,sober
1042598110,2024/04/07,753.0,742.0,738.0,772.0,767.0,713.0,-0.04298,0.07715,-0.99609,-0.15639,0.06112,-0.9858,5.502,5.956,sober
1042614764,2024/04/07,744.0,751.0,740.0,771.0,749.0,731.0,-0.04187,0.07736,-0.99612,-0.16089,0.06706,-0.98469,5.504,5.923,sober
1042631419,2024/04/07,744.0,751.0,740.0,767.0,748.0,736.0,-0.04157,0.07577,-0.99626,-0.16091,0.06842,-0.98459,5.51,5.921,sober
1042648074,2024/04/07,743.0,755.0,735.0,771.0,750.0,739.0,-0.04308,0.07681,-0.99611,-0.1601,0.06931,-0.98466,5.515,5.92,sober
1042664729,2024/04/07,736.0,754.0,734.0,771.0,738.0,737.0,-0.04331,0.0767,-0.99611,-0.16361,0.06867,-0.98413,5.509,5.945,sober
1042681382,2024/04/07,737.0,753.0,739.0,770.0,734.0,737.0,-0.0416,0.07668,-0.99619,-0.16436,0.06887,-0.98399,5.515,5.956,sober
1042698037,2024/04/07,741.0,750.0,736.0,762.0,746.0,738.0,-0.0425,0.07426,-0.99633,-0.16069,0.06956,-0.98455,5.537,5.945,sober
1042714692,2024/04/07,780.0,749.0,776.0,757.0,785.0,741.0,-0.03024,0.07354,-0.99683,-0.1492,0.07118,-0.98624,5.541,5.954,sober
1042731346,2024/04/07,904.0,762.0,888.0,764.0,919.0,761.0,0.00336,0.07544,-0.99715,-0.1099,0.07718,-0.99094,5.539,5.959,sober
1042748001,2024/04/07,1053.0,790.0,1054.0,798.0,1052.0,781.0,0.05322,0.0854,-0.99492,-0.07044,0.08342,-0.99402,5.552,5.95,sober
1042764656,2024/04/07,1064.0,800.0,1065.0,810.0,1064.0,790.0,0.05652,0.08935,-0.9944,-0.06684,0.08648,-0.99401,5.535,5.927,sober
1042781310,2024/04/07,1065.0,797.0,1071.0,808.0,1059.0,786.0,0.05862,0.08879,-0.99432,-0.068,0.08568,-0.994,5.541,5.932,sober
1042797965,2024/04/07,1069.0,799.0,1078.0,814.0,1060.0,784.0,0.06084,0.091,-0.99399,-0.06775,0.08504,-0.99407,5.539,5.933,sober
1042814620,2024/04/07,1064.0,800.0,1072.0,817.0,1057.0,783.0,0.05889,0.09217,-0.994,-0.06861,0.08517,-0.994,5.54,5.934,sober
1042831274,2024/04/07,1060.0,803.0,1060.0,823.0,1060.0,783.0,0.05529,0.09426,-0.99401,-0.06779,0.08529,-0.99405,5.556,5.942,sober
1042847929,2024/04/07,1066.0,800.0,1068.0,817.0,1063.0,783.0,0.05798,0.09239,-0.99403,-0.06661,0.08554,-0.99411,5.558,5.942,sober
1042864584,2024/04/07,1066.0,793.0,1062.0,803.0,1071.0,783.0,0.05622,0.08864,-0.99448,-0.06418,0.08573,-0.99425,5.564,5.942,sober
1042881238,2024/04/07,1063.0,795.0,1054.0,807.0,1071.0,783.0,0.05412,0.09002,-0.99447,-0.0639,0.08589,-0.99425,5.562,5.937,sober
1042897893,2024/04/07,1065.0,797.0,1067.0,813.0,1064.0,780.0,0.05802,0.09217,-0.99405,-0.06585,0.08549,-0.99416,5.541,5.927,sober
1042914548,2024/04/07,1067.0,796.0,1069.0,812.0,1065.0,780.0,0.05897,0.09192,-0.99402,-0.06546,0.08568,-0.99417,5.54,5.929,sober
1042931203,2024/04/07,1063.0,795.0,1066.0,812.0,1059.0,777.0,0.05848,0.09251,-0.99399,-0.06691,0.08548,-0.99409,5.541,5.94,sober
1042947857,2024/04/07,999.0,794.0,998.0,813.0,999.0,775.0,0.03829,0.09298,-0.99493,-0.08464,0.08479,-0.9928,5.542,5.945,sober
1042964512,2024/04/07,944.0,807.0,943.0,822.0,944.0,792.0,0.02195,0.09626,-0.99511,-0.10107,0.08992,-0.99081,5.551,5.936,sober
1042981167,2024/04/07,933.0,809.0,930.0,825.0,936.0,793.0,0.018,0.09795,-0.99503,-0.10331,0.09114,-0.99046,5.528,5.918,sober
1042997821,2024/04/07,942.0,803.0,946.0,810.0,938.0,796.0,0.02317,0.09392,-0.99531,-0.10242,0.09276,-0.99041,5.538,5.892,sober
